0.015001296997070312
0.6115658283233643
0.7175757884979248
0.6307401657104492
0.41341423988342285
0.4116818904876709
0.4449946880340576
0.46799635887145996
0.43000221252441406
0.4109945297241211
0.44300270080566406
0.45006370544433594
0.4898355007171631
0.6050269603729248
0.40500307083129883
0.5219991207122803
0.6139976978302002
0.48799586296081543
0.47500038146972656
0.5390007495880127
0.5009956359863281
0.48657703399658203
0.5459945201873779
0.5750935077667236
0.48651957511901855
0.4249992370605469
0.4630115032196045
0.4795224666595459
0.45752692222595215
0.494107723236084
0.505002498626709
0.5508542060852051
0.48559999465942383
0.006000041961669922
0.405841588973999
0.5339963436126709
0.4671902656555176
0.37599611282348633
0.4511542320251465
0.41063380241394043
0.4530019760131836
0.42632412910461426
0.4570002555847168
0.007999658584594727
0.43259263038635254
0.5481853485107422
0.49151039123535156
0.4621572494506836
0.3800022602081299
0.3939974308013916
0.430004358291626
0.42200446128845215
0.38458752632141113
0.5560057163238525
0.4459962844848633
0.43093442916870117
0.45999932289123535
0.3765103816986084
0.44312000274658203
0.40605664253234863
0.43733930587768555
0.4289975166320801
0.43000364303588867
0.46404314041137695
0.4049510955810547
0.005012035369873047
0.4393928050994873
0.004998207092285156
0.3767259120941162
0.38776731491088867
0.3990004062652588
0.4884915351867676
0.45778584480285645
0.4290018081665039
0.4987304210662842
0.4460010528564453
0.3989982604980469
0.4550046920776367
0.47699713706970215
0.4259984493255615
0.4248790740966797
0.43100857734680176
0.49138355255126953
0.006997585296630859
0.41199779510498047
0.4159994125366211
0.4510049819946289
0.4170045852661133
0.46378469467163086
0.3959982395172119
0.4189915657043457
0.47300052642822266
0.4250614643096924
0.39067554473876953
0.4010007381439209
0.5195140838623047
0.41554713249206543
0.4417567253112793
0.6942627429962158
0.45999884605407715
0.494459867477417
0.4279947280883789
0.46799778938293457
0.463367223739624
0.4219980239868164
0.456820011138916
0.44352269172668457
0.4028952121734619
0.46117424964904785
0.4774749279022217
0.43552136421203613
0.41499948501586914
0.4349987506866455
0.4920058250427246
0.40445542335510254
0.4321465492248535
0.4954085350036621
0.4623579978942871
0.4460022449493408
0.44499850273132324
0.4383053779602051
0.39800238609313965
0.004998683929443359
0.49399828910827637
0.4250025749206543
0.4160010814666748
0.42461252212524414
0.48452043533325195
0.5142359733581543
0.47850918769836426
0.4669985771179199
0.00599980354309082
0.42299985885620117
0.41193366050720215
0.4270009994506836
0.43399739265441895
0.43700265884399414
0.41699886322021484
0.42214512825012207
0.4263772964477539
0.5718474388122559
0.4035780429840088
0.395005464553833
0.4384009838104248
0.4380030632019043
0.43094563484191895
0.4031059741973877
0.407853364944458
0.40599679946899414
0.3800013065338135
0.0070018768310546875
0.42076945304870605
0.43200159072875977
0.41297078132629395
0.5009975433349609
0.47689151763916016
0.47099995613098145
0.41299891471862793
0.44710564613342285
0.49700212478637695
0.3930044174194336
0.4480001926422119
0.42975616455078125
0.4246342182159424
0.41300249099731445
0.4900984764099121
0.4689970016479492
0.415482759475708
0.008000373840332031
0.4460005760192871
0.46601295471191406
0.4251742362976074
0.43822431564331055
0.4569976329803467
0.4397275447845459
0.49700140953063965
0.4381444454193115
0.005001068115234375
0.485842227935791
0.4190046787261963
0.4700000286102295
0.5120012760162354
0.4568665027618408
0.46199560165405273
0.43399739265441895
0.007001399993896484
0.4250025749206543
0.4938478469848633
0.008004426956176758
0.45746564865112305
0.4229459762573242
0.43399953842163086
0.4570035934448242
0.47659850120544434
0.39801788330078125
0.44855546951293945
0.5000002384185791
0.4325079917907715
0.48252129554748535
0.4290032386779785
0.43399977684020996
0.4072763919830322
0.3999199867248535
0.4069979190826416
0.008005857467651367
0.4190042018890381
0.4440042972564697
0.4164457321166992
0.3977928161621094
0.410996675491333
0.44699954986572266
0.43399930000305176
0.4345731735229492
0.004995107650756836
0.4087080955505371
0.3762967586517334
0.4204990863800049
0.005998849868774414
0.4620022773742676
0.40400195121765137
0.4160029888153076
0.4240543842315674
0.4221513271331787
0.0069887638092041016
0.4270012378692627
0.4009995460510254
0.39099860191345215
0.46361660957336426
0.006001949310302734
0.42001938819885254
0.45956969261169434
0.40411949157714844
0.4068470001220703
0.3957993984222412
0.3917884826660156
0.3840019702911377
0.40699338912963867
0.004997730255126953
0.4030005931854248
0.43999552726745605
0.38799428939819336
0.3845858573913574
0.3902299404144287
0.4221162796020508
0.424405574798584
0.400590181350708
0.46899986267089844
0.4330003261566162
0.4580078125
0.46599721908569336
0.3971560001373291
0.452242374420166
0.4565856456756592
0.42490577697753906
0.4095785617828369
0.39180493354797363
0.4569990634918213
0.3869974613189697
0.00499725341796875
0.4040045738220215
0.38699841499328613
0.4019966125488281
0.43799924850463867
0.3994605541229248
0.3959953784942627
0.36559200286865234
0.35988569259643555
0.37328672409057617
0.4319932460784912
0.7257285118103027
0.40100526809692383
0.40857958793640137
0.373272180557251
0.42768192291259766
0.42533397674560547
0.004999399185180664
0.4159364700317383
0.37999844551086426
0.3943958282470703
0.4180934429168701
0.40718770027160645
0.40617918968200684
0.42195868492126465
0.5039999485015869
0.4510009288787842
0.0050013065338134766
0.38199687004089355
0.004996776580810547
0.4739992618560791
0.38899898529052734
0.3748903274536133
0.4069974422454834
0.4056870937347412
0.4148831367492676
0.4049980640411377
0.46265411376953125
0.4496805667877197
0.004996061325073242
0.4183814525604248
0.40399956703186035
0.3950002193450928
0.004999876022338867
0.46700096130371094
0.3860037326812744
0.36623096466064453
0.42052173614501953
0.4078817367553711
0.38600683212280273
0.004996538162231445
0.38565850257873535
0.4011118412017822
0.4330124855041504
0.40600156784057617
0.39099788665771484
0.4470057487487793
0.4211764335632324
0.005997657775878906
0.004999399185180664
0.4630000591278076
0.4639933109283447
0.43999576568603516
0.39487147331237793
0.4542806148529053
0.4698331356048584
0.4133634567260742
0.38730764389038086
0.4264073371887207
0.39809441566467285
0.3840043544769287
0.3629176616668701
0.0039937496185302734
0.4138984680175781
0.4152247905731201
0.41467833518981934
0.38858652114868164
0.4100043773651123
0.4265408515930176
0.47882533073425293
0.4160006046295166
0.3839602470397949
0.39200472831726074
0.3690066337585449
0.3919997215270996
0.38651275634765625
0.0049991607666015625
0.41454482078552246
0.47232580184936523
0.47840452194213867
0.4280579090118408
0.4518740177154541
0.01102757453918457
0.4387848377227783
0.5139992237091064
0.43199753761291504
0.5120072364807129
0.42891407012939453
0.4594254493713379
0.0049991607666015625
0.4319953918457031
0.44099926948547363
0.4154038429260254
0.4169957637786865
0.3915717601776123
0.4560546875
0.5142781734466553
0.4839966297149658
0.45000576972961426
0.45099830627441406
0.43500423431396484
0.4043292999267578
0.423722505569458
0.4183082580566406
0.02799844741821289
0.019001007080078125
0.4392061233520508
0.4297473430633545
0.4443395137786865
0.41700148582458496
0.417999267578125
0.41499972343444824
0.4239966869354248
0.4389936923980713
0.382997989654541
0.005962371826171875
0.3796067237854004
0.39999914169311523
0.0049991607666015625
0.0059969425201416016
0.40074729919433594
0.005997657775878906
0.4010031223297119
0.41542840003967285
0.39699602127075195
0.4224731922149658
0.38097143173217773
0.39937400817871094
0.41699981689453125
0.005004405975341797
0.4311809539794922
0.4020681381225586
0.3829963207244873
0.38025474548339844
0.37032246589660645
0.47377896308898926
0.4460022449493408
0.0049974918365478516
0.40624070167541504
0.4392120838165283
0.4157412052154541
0.4010000228881836
0.3937642574310303
0.3960134983062744
0.004999637603759766
0.3950057029724121
0.6124074459075928
0.42200684547424316
0.42081522941589355
0.42560744285583496
0.006999492645263672
0.38962817192077637
0.007004261016845703
0.4069948196411133
0.41500020027160645
0.44299840927124023
0.3889949321746826
0.42800307273864746
0.0060007572174072266
0.5169990062713623
0.5380024909973145
0.4251406192779541
0.41763734817504883
0.3874948024749756
0.4145169258117676
0.01200246810913086
0.44546985626220703
0.4270055294036865
0.397000789642334
0.4479992389678955
0.44699668884277344
0.43604063987731934
0.4889981746673584
0.006001710891723633
0.4110603332519531
0.4535818099975586
0.4727168083190918
0.40077829360961914
0.45404529571533203
0.00700068473815918
0.44700002670288086
0.4870033264160156
0.4389986991882324
0.4380049705505371
0.43199729919433594
0.004996061325073242
0.37900257110595703
0.4320039749145508
0.4570016860961914
0.4376688003540039
0.4011876583099365
0.4302654266357422
0.009997844696044922
0.41314220428466797
0.4179978370666504
0.4785194396972656
0.3860011100769043
0.42099428176879883
0.40799880027770996
0.4069983959197998
0.3869969844818115
0.42020559310913086
0.42824292182922363
0.3886070251464844
0.007090568542480469
0.004645109176635742
0.006003856658935547
0.6581356525421143
0.45500636100769043
0.0049974918365478516
0.5797088146209717
0.00599980354309082
0.40999603271484375
0.3809933662414551
0.46099400520324707
0.4230051040649414
0.5078072547912598
0.46784114837646484
0.4175450801849365
0.4490017890930176
0.4510619640350342
0.43663620948791504
0.40000319480895996
0.4589996337890625
0.6462197303771973
0.47099995613098145
0.0079345703125
0.40100812911987305
0.3869962692260742
0.4200606346130371
0.005998849868774414
0.48093438148498535
0.4301178455352783
0.41855955123901367
0.4479990005493164
0.4010026454925537
0.457003116607666
0.42400121688842773
0.42599058151245117
0.004996299743652344
0.4070000648498535
0.4420027732849121
0.42000246047973633
0.4317772388458252
0.4190359115600586
0.40764427185058594
0.4218263626098633
0.40599870681762695
0.3730006217956543
0.4351475238800049
0.4120006561279297
0.46399760246276855
0.47499728202819824
0.46399736404418945
0.44002366065979004
0.005971431732177734
0.5210001468658447
0.4190046787261963
0.4509429931640625
0.43499755859375
0.004998922348022461
0.4350004196166992
0.43700218200683594
0.3959982395172119
0.39999890327453613
0.4679985046386719
0.43000102043151855
0.4586212635040283
0.44355320930480957
0.4425637722015381
0.45279669761657715
0.4482858180999756
0.5089986324310303
0.44699931144714355
0.41700291633605957
0.4510536193847656
0.4550046920776367
0.40402817726135254
0.39520978927612305
0.4639394283294678
0.42100095748901367
0.004995584487915039
0.4141731262207031
0.00599980354309082
0.4242408275604248
0.38300347328186035
0.4310007095336914
0.42499613761901855
0.41499805450439453
0.43600034713745117
0.4270007610321045
0.4300041198730469
0.43078017234802246
0.44614338874816895
0.0069980621337890625
0.0049974918365478516
0.004995584487915039
0.008003711700439453
0.004995822906494141
0.44699931144714355
0.48996639251708984
0.4254581928253174
0.4039947986602783
0.4170033931732178
0.4479947090148926
0.4010035991668701
0.39299631118774414
0.428999662399292
0.0060002803802490234
0.40000033378601074
0.008000373840332031
0.42672181129455566
0.40002918243408203
0.38833189010620117
0.006999492645263672
0.46547460556030273
0.395601749420166
0.4389965534210205
0.3916468620300293
0.3869330883026123
0.43399620056152344
0.4052143096923828
0.01600027084350586
0.42002320289611816
0.46088147163391113
0.4476652145385742
0.44809937477111816
0.4030945301055908
0.43653130531311035
0.40180420875549316
0.0050008296966552734
0.4490540027618408
0.36855173110961914
0.40799546241760254
0.3910048007965088
0.4010009765625
0.39099884033203125
0.0049974918365478516
0.4010021686553955
0.39488840103149414
0.00599980354309082
0.005000114440917969
0.40600013732910156
0.377091646194458
0.4062495231628418
0.40800046920776367
0.4245307445526123
0.38918232917785645
0.4029362201690674
0.38899874687194824
0.4400820732116699
0.3729987144470215
0.39298176765441895
0.38182711601257324
0.43102598190307617
0.40600013732910156
0.4206554889678955
0.40822458267211914
0.4202578067779541
0.44097018241882324
0.442004919052124
0.4539978504180908
0.4950227737426758
0.48400163650512695
0.0060045719146728516
0.4429957866668701
0.0050013065338134766
0.4005587100982666
0.41805410385131836
0.3791542053222656
0.41911792755126953
0.00799870491027832
0.45651841163635254
0.4661741256713867
0.39469218254089355
0.4659996032714844
0.3699979782104492
0.3939988613128662
0.4259977340698242
0.3959527015686035
0.4077446460723877
0.01095890998840332
0.007122516632080078
0.4079709053039551
0.4027538299560547
0.43579983711242676
0.44699859619140625
0.39300036430358887
0.45099925994873047
0.009002923965454102
0.444995641708374
0.005003452301025391
0.006000995635986328
0.40799951553344727
0.40799736976623535
0.005970478057861328
0.41699671745300293
0.44104743003845215
0.4327354431152344
0.4131133556365967
0.4090139865875244
0.3957176208496094
0.007998466491699219
0.42299962043762207
0.4337944984436035
0.4146842956542969
0.47205257415771484
0.014999151229858398
0.42099857330322266
0.008999109268188477
0.391002893447876
0.3990025520324707
0.38541483879089355
0.37028026580810547
0.4100017547607422
0.43029093742370605
0.46204400062561035
0.4119994640350342
0.40476298332214355
0.43200206756591797
0.43000245094299316
0.39899206161499023
0.40599918365478516
0.004998207092285156
0.3860044479370117
0.3951377868652344
0.411998987197876
0.3986527919769287
0.4059007167816162
0.4182400703430176
0.3913087844848633
0.0049970149993896484
0.4001152515411377
0.4259979724884033
0.39989471435546875
0.3606724739074707
0.41553759574890137
0.38199782371520996
0.3789985179901123
0.00500035285949707
0.38051581382751465
0.3982834815979004
0.39702725410461426
0.3957350254058838
0.4159984588623047
0.004996299743652344
0.38199925422668457
0.3740050792694092
0.38816142082214355
0.4000370502471924
0.38699793815612793
0.4539971351623535
0.4049983024597168
0.4402506351470947
0.3939962387084961
0.384690523147583
0.005000114440917969
0.4060938358306885
0.005013227462768555
0.36899805068969727
0.4571089744567871
0.38601255416870117
0.004999399185180664
0.4015774726867676
0.42427706718444824
0.3939962387084961
0.39499616622924805
0.438997745513916
0.4090266227722168
0.004998683929443359
0.40067315101623535
0.004996061325073242
0.3919961452484131
0.004998922348022461
0.49393177032470703
0.3930375576019287
0.0046863555908203125
0.42462754249572754
0.3899965286254883
0.3860044479370117
0.4250023365020752
0.0050084590911865234
0.4179999828338623
0.42508745193481445
0.4129974842071533
0.40654826164245605
0.41002607345581055
0.3933420181274414
0.004998922348022461
0.4014294147491455
0.41699767112731934
0.38900065422058105
0.41303038597106934
0.007998466491699219
0.42800045013427734
0.41566920280456543
0.004997968673706055
0.4080052375793457
0.3989987373352051
0.4039602279663086
0.396451473236084
0.4218876361846924
0.41059207916259766
0.3791697025299072
0.4099888801574707
0.4332594871520996
0.5350000858306885
0.45453715324401855
0.42435669898986816
0.4030029773712158
0.42601943016052246
0.4310033321380615
0.5516705513000488
0.49780893325805664
0.005009174346923828
0.5132696628570557
0.45299816131591797
0.4841291904449463
0.006995201110839844
0.4269988536834717
0.005970001220703125
0.007995367050170898
0.4739985466003418
0.009530067443847656
0.42906808853149414
0.444995641708374
0.0060045719146728516
0.4320056438446045
0.4265758991241455
0.3894774913787842
0.42902088165283203
0.005975961685180664
0.007018566131591797
0.40051770210266113
0.3918185234069824
0.41699981689453125
0.419996976852417
0.4160006046295166
0.4499940872192383
0.4213981628417969
0.39298009872436523
0.3959963321685791
0.4143950939178467
0.42360973358154297
0.4219045639038086
0.006943225860595703
0.4387545585632324
0.7180001735687256
0.003992557525634766
1.7634696960449219
2.0002620220184326
0.7844533920288086
0.4278075695037842
0.387998104095459
0.4343268871307373
0.42999768257141113
0.41000795364379883
0.39800167083740234
0.4009974002838135
0.012024879455566406
0.43215513229370117
0.4024322032928467
0.3900015354156494
0.4220550060272217
0.37705492973327637
0.4685540199279785
0.004997968673706055
0.004994392395019531
0.4051804542541504
0.4170036315917969
0.39290928840637207
0.005000591278076172
0.3981750011444092
0.40023016929626465
0.37903356552124023
0.37762022018432617
0.41518354415893555
0.4641239643096924
0.4187479019165039
0.39572572708129883
0.416003942489624
0.3899991512298584
0.5815222263336182
0.4599778652191162
0.004001617431640625
0.4013829231262207
0.4364471435546875
0.37900304794311523
0.004998445510864258
0.4707951545715332
0.38500094413757324
0.41604137420654297
0.425931453704834
0.4940023422241211
0.4120039939880371
0.006000518798828125
0.40000462532043457
0.45464086532592773
0.41400933265686035
0.39699482917785645
0.38009214401245117
0.4043238162994385
0.005001068115234375
0.0050013065338134766
0.41249990463256836
0.3910515308380127
0.4699971675872803
0.41167521476745605
0.4514591693878174
0.389462947845459
0.010001182556152344
0.4522583484649658
0.38358616828918457
0.39800357818603516
0.40199875831604004
0.3913698196411133
0.0050008296966552734
0.4869985580444336
0.41242551803588867
0.4408562183380127
0.4328289031982422
0.006003856658935547
0.005001544952392578
0.4920008182525635
0.43899989128112793
0.005002737045288086
0.014051675796508789
0.37699365615844727
0.006005525588989258
0.3739938735961914
0.38999462127685547
0.3760032653808594
0.4100351333618164
0.38711094856262207
0.38906407356262207
0.40625
0.4074900150299072
0.38390636444091797
0.4827916622161865
0.46259474754333496
0.40199756622314453
0.37200212478637695
0.42299652099609375
0.4083127975463867
0.4139995574951172
0.372999906539917
0.40799951553344727
0.4178946018218994
0.386995792388916
0.0050008296966552734
0.005041599273681641
0.004994630813598633
0.4324054718017578
0.4338643550872803
0.42100095748901367
0.3609943389892578
0.40300655364990234
0.4810047149658203
0.005998849868774414
0.37099599838256836
0.48999905586242676
0.0060002803802490234
0.004999399185180664
0.4200022220611572
0.4120914936065674
0.40618038177490234
0.4067971706390381
0.0059969425201416016
0.4321582317352295
0.39133691787719727
0.007997989654541016
0.43958401679992676
0.41100096702575684
0.3800010681152344
0.48200535774230957
0.41805076599121094
0.4469940662384033
0.379849910736084
0.42378997802734375
0.4114539623260498
0.41599488258361816
0.00500035285949707
0.40530967712402344
0.38063883781433105
0.004999399185180664
0.43799638748168945
0.021995067596435547
0.44945240020751953
0.4200005531311035
0.44100022315979004
0.006987094879150391
0.40741705894470215
0.4389955997467041
0.40999460220336914
0.39348411560058594
0.44318294525146484
0.42400121688842773
0.433063268661499
0.4490196704864502
0.4138057231903076
0.3939986228942871
0.43700218200683594
0.3920013904571533
0.39699721336364746
0.446002721786499
0.378002405166626
0.39481568336486816
0.4223039150238037
0.004996538162231445
0.00599980354309082
0.4061253070831299
0.006001949310302734
0.39932847023010254
0.005003929138183594
0.3849329948425293
0.003998517990112305
0.005002021789550781
0.3840484619140625
0.0060062408447265625
0.4259645938873291
0.40231847763061523
0.39519166946411133
0.0060007572174072266
0.3903064727783203
0.41100239753723145
0.005002021789550781
0.4109964370727539
0.004998445510864258
0.41565537452697754
0.006001710891723633
0.4149625301361084
0.4181678295135498
