0.6424739360809326
0.4487581253051758
0.6252694129943848
0.657160758972168
0.40599679946899414
0.38100171089172363
0.4400022029876709
0.39548254013061523
0.41300058364868164
0.43352699279785156
0.4071938991546631
0.4299640655517578
0.43820786476135254
0.39702391624450684
0.4063901901245117
0.42499852180480957
0.38207149505615234
0.43262481689453125
0.4479985237121582
0.4109992980957031
0.39499759674072266
0.3789956569671631
0.39699530601501465
0.4239943027496338
0.3809976577758789
0.41281580924987793
0.36499619483947754
0.4588155746459961
0.4090569019317627
0.41262173652648926
0.3820013999938965
0.4650077819824219
0.4020695686340332
0.3727073669433594
0.41795969009399414
0.4529995918273926
0.4290022850036621
0.391864538192749
0.3832063674926758
0.37599635124206543
0.4116387367248535
0.4123961925506592
0.3806416988372803
0.3939976692199707
0.4310016632080078
0.4010012149810791
0.3679952621459961
0.3797485828399658
0.3610818386077881
0.3603079319000244
0.4015631675720215
0.4069945812225342
0.37493133544921875
0.39800143241882324
0.3933110237121582
0.4060029983520508
0.3910031318664551
0.4329965114593506
0.40599966049194336
0.4089992046356201
0.3880453109741211
0.4289989471435547
0.4174668788909912
0.38893651962280273
0.39100050926208496
0.4338500499725342
0.4160141944885254
0.3924558162689209
0.38300442695617676
0.425006628036499
0.410999059677124
0.4069957733154297
0.45200085639953613
0.46599578857421875
0.3829488754272461
0.4219987392425537
0.4056556224822998
0.40196704864501953
0.4070119857788086
0.43199968338012695
0.3970208168029785
0.4119985103607178
0.402066707611084
0.4434828758239746
0.3829338550567627
0.41292333602905273
0.39769411087036133
0.3989572525024414
0.3807942867279053
0.44684696197509766
0.4296579360961914
0.41300201416015625
0.42174744606018066
0.4429943561553955
0.41435670852661133
0.4139368534088135
0.3820168972015381
0.42794013023376465
0.4171152114868164
0.38500332832336426
0.3879964351654053
0.400174617767334
0.3899979591369629
0.40599632263183594
0.38742899894714355
0.43399858474731445
0.42899346351623535
0.41199707984924316
0.4225015640258789
0.39357852935791016
0.5075023174285889
0.42560482025146484
0.44861531257629395
0.40315937995910645
0.38849759101867676
0.40799689292907715
0.4178798198699951
0.4100027084350586
0.5099992752075195
0.4239954948425293
0.4239940643310547
0.3969993591308594
0.4155306816101074
0.4400017261505127
0.41084957122802734
0.3845803737640381
0.40500450134277344
0.43099498748779297
0.4556722640991211
0.4334714412689209
0.39031362533569336
0.3750019073486328
0.39200425148010254
0.3959941864013672
0.40630245208740234
0.3889505863189697
0.39131641387939453
0.38258910179138184
0.4230027198791504
0.38909339904785156
0.3970026969909668
0.409743070602417
0.3889946937561035
0.4179997444152832
0.37999939918518066
0.3789980411529541
0.40199995040893555
0.3878061771392822
0.4460010528564453
0.39267969131469727
0.3963277339935303
0.39638805389404297
0.3791213035583496
0.4250023365020752
0.39397573471069336
0.3983943462371826
0.4032320976257324
0.4350016117095947
0.42599964141845703
0.41121673583984375
0.3900601863861084
0.4329977035522461
0.46695923805236816
0.4869985580444336
0.4479959011077881
0.4019773006439209
0.42069268226623535
0.5270042419433594
0.43900585174560547
0.43000030517578125
0.4097166061401367
0.5415196418762207
0.5151588916778564
0.44800543785095215
0.40199828147888184
0.3970003128051758
0.38900113105773926
0.4424571990966797
0.4180011749267578
0.6355223655700684
0.4419889450073242
0.5266854763031006
0.40605926513671875
0.4151184558868408
0.43387269973754883
0.4030897617340088
0.4351329803466797
0.39154958724975586
0.4335305690765381
0.4270012378692627
0.3930051326751709
0.3990013599395752
0.3909940719604492
0.3866872787475586
0.38699960708618164
0.49739599227905273
0.41499948501586914
0.40999913215637207
0.3865182399749756
0.3887615203857422
0.3989982604980469
0.4367525577545166
0.40299463272094727
0.3790128231048584
0.39799022674560547
0.42668604850769043
0.42552781105041504
0.4130544662475586
0.41573596000671387
0.3815007209777832
0.40399956703186035
0.4050595760345459
0.4299936294555664
0.38700151443481445
0.3910813331604004
0.3739957809448242
0.42699694633483887
0.4323616027832031
0.3672976493835449
0.4488224983215332
0.37894439697265625
0.39499831199645996
0.44700169563293457
0.44309473037719727
0.39600086212158203
0.4290003776550293
0.3820645809173584
0.394000768661499
0.4634270668029785
0.37322068214416504
0.41771960258483887
0.38606810569763184
0.3696897029876709
0.4220612049102783
0.41359710693359375
0.36099886894226074
0.3940002918243408
0.41699695587158203
0.4126322269439697
0.4130058288574219
0.3899991512298584
0.4289994239807129
0.41648173332214355
0.44589781761169434
0.5202047824859619
0.42017245292663574
0.4189949035644531
0.37888383865356445
0.44605588912963867
0.417722225189209
0.43161821365356445
0.4027683734893799
0.40000033378601074
0.3921535015106201
0.3908066749572754
0.4190554618835449
0.4083874225616455
0.40994811058044434
0.45467543601989746
0.3990023136138916
0.39925074577331543
0.42299604415893555
0.45400142669677734
0.37400007247924805
0.3919954299926758
0.493624210357666
0.4673590660095215
0.4797940254211426
0.4330739974975586
0.43599796295166016
0.5059981346130371
0.4019956588745117
0.43900012969970703
0.4029998779296875
0.43505859375
0.4159219264984131
0.4030275344848633
0.39932966232299805
0.4452090263366699
0.4384300708770752
0.3941376209259033
0.4435615539550781
0.40800023078918457
0.3970057964324951
0.4139974117279053
0.39499640464782715
0.40749073028564453
0.37681150436401367
0.39299702644348145
0.45619726181030273
0.4782445430755615
0.40514659881591797
0.5224146842956543
0.49445247650146484
0.49213576316833496
0.5202462673187256
0.4252796173095703
0.46339893341064453
0.4058568477630615
0.41025257110595703
0.43217968940734863
0.39588308334350586
0.3936269283294678
0.4167301654815674
0.38500094413757324
0.40599584579467773
0.39699745178222656
0.4479966163635254
0.3899986743927002
0.41700029373168945
0.41101622581481934
0.43172550201416016
0.39600300788879395
0.45310521125793457
0.4697129726409912
0.47584033012390137
0.40688610076904297
0.4589550495147705
0.38016319274902344
0.4017908573150635
0.4260387420654297
0.41364598274230957
0.37410926818847656
0.3964719772338867
0.39984989166259766
0.44611501693725586
0.4433310031890869
0.39733409881591797
0.37386322021484375
0.3730013370513916
0.44399356842041016
0.413668155670166
0.4009974002838135
0.3795437812805176
0.4259989261627197
0.41750097274780273
0.42800092697143555
0.49648547172546387
0.37599754333496094
0.5579996109008789
0.40113043785095215
0.4650273323059082
0.39283132553100586
0.4301116466522217
0.3979666233062744
0.44216227531433105
0.4107692241668701
0.427809476852417
0.46001267433166504
0.38960790634155273
0.3970189094543457
0.3970019817352295
0.41300129890441895
0.4310626983642578
0.38789939880371094
0.3840014934539795
0.4092738628387451
0.41733574867248535
0.3805975914001465
0.38797903060913086
0.38700032234191895
0.39036059379577637
0.40599560737609863
0.39300036430358887
0.3679933547973633
0.3830094337463379
0.40200185775756836
0.47295713424682617
0.41904473304748535
0.40500402450561523
0.37200450897216797
0.4554469585418701
0.3851311206817627
0.38899755477905273
0.3876478672027588
0.4039614200592041
0.40799999237060547
0.40299510955810547
0.4399991035461426
0.45470762252807617
0.4199943542480469
0.4105262756347656
0.38246750831604004
0.3935699462890625
0.448000431060791
0.3987107276916504
0.39608144760131836
0.40900182723999023
0.3919963836669922
0.3869969844818115
0.3849916458129883
0.38300013542175293
0.4009995460510254
0.38700270652770996
0.37599897384643555
0.4361276626586914
0.41718077659606934
0.3944213390350342
0.3660142421722412
0.4116818904876709
0.3972187042236328
0.3809952735900879
0.36600399017333984
0.37999939918518066
0.4200019836425781
0.4239985942840576
0.41973304748535156
0.41299891471862793
0.4450690746307373
0.42401790618896484
0.3817310333251953
0.46355223655700684
0.4160006046295166
0.41351318359375
0.41700124740600586
0.45099806785583496
0.445997953414917
0.39499902725219727
0.406996488571167
0.412233829498291
0.4289073944091797
0.38984251022338867
0.44806838035583496
0.5030779838562012
0.36846232414245605
0.3939993381500244
0.43900227546691895
0.411945104598999
0.3895547389984131
0.43523645401000977
0.4304666519165039
0.3867478370666504
0.4040038585662842
0.41826581954956055
0.39211153984069824
0.38700032234191895
0.3959996700286865
0.40299534797668457
0.3769967555999756
0.3750009536743164
0.43399882316589355
0.4050018787384033
0.39400362968444824
0.3769383430480957
0.39659810066223145
0.3955552577972412
0.41760945320129395
0.43471693992614746
0.4277043342590332
0.37999916076660156
0.3710036277770996
0.40199851989746094
0.37999868392944336
0.4029998779296875
0.3640000820159912
0.43700122833251953
0.39894676208496094
0.41911983489990234
0.39699387550354004
0.42261767387390137
0.3879969120025635
0.5
0.48000025749206543
0.41863036155700684
0.4222297668457031
0.45924925804138184
0.4249999523162842
0.4127771854400635
0.41812992095947266
0.4332258701324463
0.3833930492401123
0.3823740482330322
0.49457383155822754
0.37400221824645996
0.40397095680236816
0.4230160713195801
0.47055602073669434
0.4220004081726074
0.3929939270019531
0.39966297149658203
0.3689291477203369
0.3809969425201416
0.37297821044921875
0.4031789302825928
0.37966465950012207
0.48600244522094727
0.5150051116943359
0.44899678230285645
0.4165012836456299
0.4080007076263428
0.39400267601013184
0.41613078117370605
0.45256567001342773
0.38774538040161133
0.36692237854003906
0.4510617256164551
0.40700364112854004
0.4440021514892578
0.4350011348724365
0.42799949645996094
0.43599796295166016
0.39400243759155273
0.4889976978302002
0.425656795501709
0.3869967460632324
0.3968822956085205
0.47948694229125977
0.47415685653686523
0.5590922832489014
0.392972469329834
0.4102802276611328
0.40392255783081055
0.4053044319152832
0.47299742698669434
0.38000059127807617
0.3885834217071533
0.3945786952972412
0.384005069732666
0.4118070602416992
0.41414856910705566
0.3976867198944092
0.3909945487976074
0.38902902603149414
0.47899508476257324
0.43399739265441895
0.4010012149810791
0.44299817085266113
0.3854711055755615
0.387998104095459
0.40070676803588867
0.40195131301879883
0.37845349311828613
0.4089982509613037
0.45099687576293945
0.421999454498291
0.4459993839263916
0.39400267601013184
0.3889946937561035
0.41500091552734375
0.4160308837890625
0.4037020206451416
0.39067554473876953
0.39978694915771484
0.4024186134338379
0.40431642532348633
0.43640995025634766
0.38199305534362793
0.4259965419769287
0.39299702644348145
0.46399617195129395
0.4749917984008789
0.39827418327331543
0.41460275650024414
0.38260746002197266
0.41088342666625977
0.4341254234313965
0.40799927711486816
0.38198328018188477
0.42400503158569336
0.3880014419555664
0.488999605178833
0.46955180168151855
0.39327549934387207
0.3816511631011963
0.3630049228668213
0.4462556838989258
0.39801979064941406
0.4084200859069824
0.3780653476715088
0.4170043468475342
0.41300034523010254
0.4380004405975342
0.3899977207183838
0.402005672454834
0.38599562644958496
0.43738722801208496
0.43812108039855957
0.4350466728210449
0.43800783157348633
0.4844017028808594
0.43359923362731934
0.38100433349609375
0.39100027084350586
0.39728283882141113
0.4369950294494629
0.4490063190460205
0.48099756240844727
0.4347977638244629
0.39862585067749023
0.40090131759643555
0.449385404586792
0.40962719917297363
0.39686012268066406
0.4209933280944824
0.382002592086792
0.4140000343322754
0.39800071716308594
0.42000603675842285
0.37999820709228516
0.4045224189758301
0.37200164794921875
0.4210031032562256
0.3869452476501465
0.40299367904663086
0.3979964256286621
0.407977819442749
0.42200398445129395
0.4320032596588135
0.37399864196777344
0.4119987487792969
0.4160027503967285
0.4094536304473877
0.5324454307556152
0.39440011978149414
0.3934173583984375
0.39233994483947754
0.38599443435668945
0.47342824935913086
0.437999963760376
0.3899991512298584
0.3829946517944336
0.3919966220855713
0.39499735832214355
0.42814183235168457
0.3861992359161377
0.38300037384033203
0.42467427253723145
0.4727473258972168
0.41262030601501465
0.4744114875793457
0.5011241436004639
0.3829982280731201
0.41899752616882324
0.4239974021911621
0.3939995765686035
0.39189743995666504
0.43575429916381836
0.3710896968841553
0.43387675285339355
0.4542386531829834
0.3923170566558838
0.4149959087371826
0.4184253215789795
0.4101550579071045
0.5094513893127441
0.4508817195892334
0.4239993095397949
0.42347097396850586
0.41899824142456055
0.4490187168121338
0.45552659034729004
0.4389975070953369
0.4559965133666992
0.44768524169921875
0.49499940872192383
0.4040036201477051
0.4349973201751709
0.3769998550415039
0.4079129695892334
0.44130730628967285
0.39333295822143555
0.40221714973449707
0.37791013717651367
0.41087961196899414
0.4069991111755371
0.414994478225708
0.40200042724609375
0.46352291107177734
0.4089944362640381
0.4900033473968506
0.45861053466796875
0.586007833480835
0.4595916271209717
0.4090309143066406
0.413999080657959
0.4369945526123047
0.4376809597015381
0.5034928321838379
0.4329509735107422
0.3994309902191162
0.3860006332397461
0.4408853054046631
0.4085690975189209
0.43900108337402344
0.4256918430328369
0.3838982582092285
0.4109978675842285
0.4360024929046631
0.4317893981933594
0.4115939140319824
0.41999197006225586
0.40999817848205566
0.4109976291656494
0.463883638381958
0.400998592376709
0.41507792472839355
0.42344164848327637
0.4092879295349121
0.4585590362548828
0.3933560848236084
0.44797849655151367
0.44999265670776367
0.4418606758117676
0.431929349899292
0.40560221672058105
0.41057658195495605
0.5680062770843506
0.4459259510040283
0.41727519035339355
0.4265604019165039
0.39499831199645996
0.39699411392211914
0.4380364418029785
0.4790029525756836
0.4549994468688965
0.4549999237060547
0.38069844245910645
0.4189932346343994
0.4000241756439209
0.45802903175354004
0.46399426460266113
0.40700435638427734
0.44199657440185547
0.4569976329803467
0.404895544052124
0.40000319480895996
0.41700124740600586
0.4203777313232422
0.4004201889038086
0.481339693069458
0.44136524200439453
0.40499138832092285
0.4171466827392578
0.4053349494934082
0.4251892566680908
0.39313197135925293
0.37290263175964355
0.44899892807006836
0.41161084175109863
0.3796100616455078
0.477459192276001
0.47544240951538086
0.4078977108001709
0.45599865913391113
0.3939931392669678
0.38899993896484375
0.42400026321411133
0.40899658203125
0.37839388847351074
0.4129960536956787
0.47699403762817383
0.4330732822418213
0.419389009475708
0.4096038341522217
0.4638986587524414
0.4581785202026367
0.38599491119384766
0.4389986991882324
0.41899824142456055
0.43900060653686523
0.4568161964416504
0.43599891662597656
0.39499688148498535
0.4170217514038086
0.41699814796447754
0.41217923164367676
0.39786410331726074
0.4480020999908447
0.4239950180053711
0.4019176959991455
0.4969606399536133
0.455000638961792
0.4440009593963623
0.3809988498687744
0.3919973373413086
0.4029219150543213
0.47356486320495605
0.39800500869750977
0.4198112487792969
0.40536069869995117
0.4309961795806885
0.399000883102417
0.44800233840942383
0.4069979190826416
0.41791296005249023
0.4389979839324951
0.4391779899597168
0.4360384941101074
0.39299798011779785
0.456160306930542
0.4299960136413574
0.38399672508239746
0.48200035095214844
0.4480020999908447
0.4456052780151367
0.4029994010925293
0.4559195041656494
0.4590027332305908
0.43566131591796875
0.4585704803466797
0.43209385871887207
0.42717576026916504
0.41896748542785645
0.397000789642334
0.43928003311157227
0.4389607906341553
0.479001522064209
0.4590010643005371
0.4689981937408447
0.4164702892303467
0.4089994430541992
0.43828582763671875
0.4473893642425537
0.39299941062927246
0.4969978332519531
0.4040074348449707
0.43200063705444336
0.445997953414917
0.3869936466217041
0.4199995994567871
0.40216970443725586
0.3949429988861084
0.440155029296875
0.41799473762512207
0.45799803733825684
0.45569324493408203
0.42699623107910156
0.4459960460662842
0.3749966621398926
0.42200732231140137
0.4029974937438965
0.46199846267700195
0.4261488914489746
0.4355461597442627
0.39200472831726074
0.44805407524108887
0.40900087356567383
0.45000219345092773
0.4659993648529053
0.5080020427703857
0.4432661533355713
0.3940010070800781
0.3880000114440918
0.37500548362731934
0.5814168453216553
0.4612009525299072
0.4369795322418213
0.4508998394012451
0.4726598262786865
0.4199559688568115
0.44600677490234375
0.4420034885406494
0.3709561824798584
0.473099946975708
0.43799686431884766
0.41323113441467285
0.405900239944458
0.35801100730895996
0.4293642044067383
0.41999387741088867
0.41700220108032227
0.44598960876464844
0.4569995403289795
0.37399983406066895
0.3809993267059326
0.4259986877441406
0.40200185775756836
0.4050631523132324
0.4204716682434082
0.3908572196960449
0.39896225929260254
0.3881657123565674
0.39627814292907715
0.44199705123901367
0.44500112533569336
0.38399815559387207
0.37099504470825195
0.42797160148620605
0.43900251388549805
0.45401525497436523
0.46243810653686523
0.5196075439453125
0.49985790252685547
0.44599485397338867
0.46680688858032227
0.47284460067749023
0.4335038661956787
0.48937487602233887
0.514000415802002
0.4530007839202881
0.384082555770874
0.4362795352935791
0.47408294677734375
0.4103522300720215
0.43871212005615234
0.40102481842041016
0.41399693489074707
0.47100305557250977
0.38900089263916016
0.4199202060699463
0.43799591064453125
0.42905735969543457
0.4126889705657959
0.4459986686706543
0.4175546169281006
0.42099642753601074
0.4734833240509033
0.3900003433227539
0.4389951229095459
0.45499491691589355
0.3790011405944824
0.3695414066314697
0.45006394386291504
0.43170976638793945
0.40222930908203125
0.42087411880493164
0.421405553817749
0.43752336502075195
0.4259982109069824
0.42100024223327637
0.38846826553344727
0.38900256156921387
0.46799778938293457
0.4120025634765625
0.44100284576416016
0.36398744583129883
0.374788761138916
0.37897467613220215
0.4147927761077881
0.3739938735961914
0.39800047874450684
0.3990058898925781
0.37930798530578613
0.3783128261566162
0.415055513381958
0.46700310707092285
0.46398091316223145
0.4010021686553955
0.3925971984863281
0.4156327247619629
0.4199972152709961
0.4311661720275879
0.4050774574279785
0.38199782371520996
0.4160010814666748
0.41699838638305664
0.4099996089935303
0.39901113510131836
0.3999972343444824
0.4253878593444824
0.46517419815063477
0.4184226989746094
0.4715893268585205
0.3710014820098877
0.4250023365020752
0.46399617195129395
0.4109995365142822
0.3959953784942627
0.4140019416809082
0.42499709129333496
0.4480006694793701
0.47116589546203613
0.3882625102996826
0.42366743087768555
0.44057536125183105
0.4023094177246094
0.3964121341705322
0.3979949951171875
0.4130079746246338
0.44027066230773926
0.4083554744720459
0.3729984760284424
0.4411048889160156
0.4414246082305908
0.37819433212280273
0.39099884033203125
0.400179386138916
0.4309964179992676
0.44100117683410645
0.43099498748779297
0.38199901580810547
0.3919980525970459
0.4270038604736328
0.4460022449493408
0.44699764251708984
0.4099304676055908
0.3839683532714844
0.42829465866088867
0.4302043914794922
0.4671187400817871
0.41399359703063965
0.36299896240234375
0.41700172424316406
0.40900111198425293
0.3969991207122803
0.4979996681213379
0.38399672508239746
0.5965406894683838
0.37799978256225586
0.3699979782104492
