1.1131882667541504
1.0486700534820557
0.8171603679656982
0.7600791454315186
1.0691440105438232
0.7909374237060547
1.8281114101409912
0.9632387161254883
0.9394447803497314
0.7450025081634521
0.7518148422241211
0.7585248947143555
0.767453670501709
0.7581708431243896
0.828078031539917
0.9314215183258057
0.8655266761779785
0.8510496616363525
0.7807512283325195
0.9630694389343262
0.8639929294586182
0.8570590019226074
0.9371564388275146
0.8756647109985352
0.8069539070129395
0.8213081359863281
0.7759430408477783
0.7499589920043945
0.7961587905883789
0.9935426712036133
0.9110558032989502
0.8529067039489746
0.7391808032989502
0.8004233837127686
0.800708532333374
0.7424814701080322
0.8152587413787842
0.7816720008850098
0.8351483345031738
0.7951724529266357
0.947258472442627
0.842827558517456
0.7792258262634277
0.7822682857513428
0.8225419521331787
2.340691328048706
0.8464899063110352
0.8788340091705322
0.8809940814971924
0.7747857570648193
0.8732192516326904
0.757779598236084
0.815131425857544
0.004996776580810547
0.7917909622192383
0.8134589195251465
0.8654167652130127
0.8426556587219238
0.7442264556884766
0.7669329643249512
0.8645944595336914
0.8628203868865967
0.892348051071167
0.854121208190918
0.8417768478393555
0.8871777057647705
0.7894101142883301
0.890366792678833
0.8236198425292969
0.824871301651001
0.744152307510376
0.7535645961761475
0.9460558891296387
0.8076169490814209
0.8394935131072998
0.825873851776123
0.8377809524536133
0.7583577632904053
0.8944191932678223
0.9875674247741699
0.7598404884338379
0.7491590976715088
1.1843516826629639
0.773061990737915
0.8689377307891846
0.8548462390899658
0.8333230018615723
0.7500553131103516
0.761049747467041
0.7479672431945801
0.9528508186340332
0.8440296649932861
0.7768716812133789
0.873253345489502
0.7837905883789062
0.8661410808563232
0.7746307849884033
1.0159387588500977
0.8556191921234131
0.9295339584350586
0.8400883674621582
0.8373103141784668
0.8276829719543457
0.8225843906402588
0.75173020362854
1.9319148063659668
0.8486826419830322
0.8432755470275879
0.7488532066345215
0.8869740962982178
0.816089391708374
0.7968392372131348
0.7527732849121094
0.9070158004760742
0.8573398590087891
0.8524513244628906
0.004034996032714844
0.8326408863067627
0.9959208965301514
0.8894302845001221
0.7807953357696533
0.8862838745117188
0.9425234794616699
0.7504336833953857
0.8389074802398682
0.8055891990661621
0.8080649375915527
0.8380928039550781
0.8318493366241455
0.7575058937072754
0.8157782554626465
0.8592112064361572
0.9541280269622803
0.7678508758544922
0.7604804039001465
1.0017879009246826
0.8033270835876465
0.761603593826294
0.9754307270050049
0.7453715801239014
0.8548684120178223
0.9386851787567139
0.8533637523651123
0.9220504760742188
0.7613382339477539
0.7708725929260254
0.9111781120300293
0.9980590343475342
0.7604315280914307
0.9187994003295898
0.004003763198852539
0.8546638488769531
0.8301160335540771
0.742150068283081
0.9248721599578857
0.7571852207183838
0.845261812210083
0.93320631980896
0.752694845199585
0.004173994064331055
0.9883327484130859
0.8289024829864502
0.969118595123291
0.8918681144714355
0.7470974922180176
0.8856282234191895
0.926630973815918
0.918175220489502
0.9549036026000977
0.9655280113220215
0.003911495208740234
0.8230431079864502
0.8266363143920898
0.7817754745483398
0.8885910511016846
0.8942675590515137
0.8236541748046875
0.9644391536712646
0.9964978694915771
0.9244341850280762
0.7825314998626709
0.7818403244018555
0.8719909191131592
0.8422226905822754
0.7473347187042236
0.8560876846313477
0.9012885093688965
0.8429439067840576
1.1189353466033936
0.9453833103179932
0.8343563079833984
0.8524034023284912
2.3632864952087402
0.8739004135131836
0.9860739707946777
0.8577723503112793
0.986870288848877
2.3528859615325928
0.766920804977417
1.0242130756378174
0.9741113185882568
0.888425350189209
0.9439923763275146
0.7527601718902588
0.7800323963165283
0.9451885223388672
0.993175745010376
0.9681785106658936
0.8381407260894775
0.8244240283966064
1.009718656539917
0.8519387245178223
0.7912538051605225
0.9602642059326172
0.8287429809570312
0.005006551742553711
0.7685165405273438
0.9135622978210449
0.7959942817687988
0.004227161407470703
0.8949251174926758
0.781318187713623
1.0116791725158691
0.9944531917572021
0.8750944137573242
0.9059650897979736
0.7733190059661865
0.8110001087188721
0.9953856468200684
0.7781014442443848
0.8129639625549316
0.818833589553833
0.9861593246459961
0.874453067779541
0.84739089012146
0.8725001811981201
0.8760266304016113
0.8358054161071777
0.7676925659179688
0.7964799404144287
0.8915045261383057
0.7839016914367676
0.8396039009094238
0.7804369926452637
0.809769868850708
0.7636857032775879
0.8499710559844971
0.8083746433258057
0.7963502407073975
0.7954721450805664
0.9497768878936768
0.8325021266937256
0.852794885635376
0.8448858261108398
0.8679294586181641
1.851768970489502
0.9017894268035889
1.4324901103973389
0.7922921180725098
0.0037300586700439453
0.8228187561035156
0.8217151165008545
0.8157405853271484
0.8246853351593018
2.3510327339172363
0.9621407985687256
0.8799707889556885
0.8157410621643066
0.9741075038909912
0.8431177139282227
2.3417859077453613
0.9903724193572998
0.883472204208374
0.7633829116821289
0.7728140354156494
0.7764666080474854
0.831547737121582
0.8511161804199219
0.8052620887756348
0.9899914264678955
0.7773776054382324
0.8746354579925537
0.8816506862640381
0.7742323875427246
0.8721983432769775
0.8892083168029785
0.8591477870941162
0.9661722183227539
0.913111686706543
0.7728033065795898
0.7707874774932861
1.891404628753662
0.8910608291625977
0.8110644817352295
0.004007577896118164
0.7690956592559814
1.1261634826660156
0.7876224517822266
0.9327170848846436
1.3599622249603271
0.948685884475708
1.5086827278137207
0.8910558223724365
0.9588003158569336
0.7850315570831299
0.7889633178710938
0.826958417892456
0.7692327499389648
0.94415283203125
1.1745190620422363
0.797954797744751
2.840470790863037
0.8909955024719238
0.005208730697631836
0.7804653644561768
0.8895418643951416
1.371229887008667
0.8846426010131836
0.8922014236450195
1.0826165676116943
0.8791663646697998
1.9414663314819336
0.9638853073120117
0.9953372478485107
0.7688941955566406
1.0337629318237305
0.9871785640716553
0.9028480052947998
0.00450897216796875
0.7920641899108887
0.8546311855316162
0.8229079246520996
0.8873255252838135
0.8419148921966553
0.8600447177886963
0.002560853958129883
0.846832275390625
0.9212086200714111
0.945927619934082
0.8545420169830322
0.9445672035217285
0.77614426612854
2.0328359603881836
0.003774881362915039
0.9217867851257324
0.8416271209716797
0.9936246871948242
0.7665941715240479
2.3940329551696777
2.8008100986480713
0.8830990791320801
1.0208001136779785
0.7682909965515137
0.004219532012939453
0.7756123542785645
0.9488446712493896
0.8863968849182129
0.9093577861785889
0.9127788543701172
0.923194169998169
0.9880878925323486
0.8749136924743652
0.9608395099639893
0.8544950485229492
0.9353170394897461
0.8323407173156738
0.7756454944610596
0.7771034240722656
0.8751702308654785
0.9640839099884033
0.981586217880249
0.7679769992828369
0.8708908557891846
2.0212740898132324
0.9837369918823242
0.9040558338165283
0.9935197830200195
0.8663010597229004
0.8348474502563477
0.7644927501678467
0.9316892623901367
0.9128496646881104
0.9177300930023193
1.0216753482818604
1.0963661670684814
0.947002649307251
0.7832894325256348
0.004005908966064453
0.7966768741607666
1.0149052143096924
0.8650116920471191
0.8296430110931396
0.9595749378204346
0.866940975189209
0.823601245880127
0.7842416763305664
0.8376333713531494
0.982210636138916
0.8607690334320068
0.9331774711608887
0.994462251663208
0.9127483367919922
0.004346609115600586
0.7723336219787598
0.7639908790588379
0.8461508750915527
1.4763460159301758
0.8637080192565918
0.8537867069244385
0.003999948501586914
0.9973292350769043
0.8520238399505615
0.8950433731079102
0.00400996208190918
0.0040035247802734375
0.7752206325531006
1.341491937637329
0.8380546569824219
1.0097730159759521
0.8900816440582275
0.8457610607147217
0.9330413341522217
0.9559760093688965
0.775341272354126
0.9058868885040283
0.7739431858062744
0.8984122276306152
0.8954474925994873
0.8610785007476807
0.7723994255065918
0.9157273769378662
0.8251852989196777
0.8631293773651123
0.8722693920135498
0.7675981521606445
0.8693938255310059
0.7689304351806641
1.9031660556793213
0.9149787425994873
0.8461503982543945
0.8834102153778076
0.8295793533325195
0.0039975643157958984
0.8696939945220947
1.9397053718566895
0.7451987266540527
0.8349318504333496
0.8379604816436768
0.8617594242095947
0.803978681564331
0.7429888248443604
0.8228063583374023
0.004002094268798828
0.8965559005737305
0.9746100902557373
0.8665292263031006
0.8181014060974121
0.8763377666473389
0.8992228507995605
0.8841094970703125
0.8153781890869141
0.004447460174560547
0.8468589782714844
0.8469357490539551
0.8047735691070557
0.7487211227416992
0.8668744564056396
0.8514339923858643
0.8723077774047852
1.0646851062774658
0.739973783493042
0.9719345569610596
0.8444521427154541
0.8367307186126709
1.2752559185028076
0.747183084487915
0.8218741416931152
0.8766796588897705
0.9279859066009521
0.8657667636871338
0.9131064414978027
0.9763901233673096
0.7436401844024658
0.9011423587799072
0.7408263683319092
0.7445955276489258
0.7518506050109863
0.9349958896636963
0.9943790435791016
0.823754072189331
0.004004240036010742
0.8701896667480469
0.9260022640228271
1.969602346420288
0.9201095104217529
0.003001689910888672
0.7467494010925293
0.9111201763153076
1.7645366191864014
0.8516318798065186
0.7929575443267822
0.7771854400634766
0.7635593414306641
0.004001140594482422
0.8739354610443115
0.903876543045044
0.8651766777038574
0.8007938861846924
0.7517216205596924
0.8620810508728027
0.003793001174926758
0.8625748157501221
0.8828082084655762
0.8623185157775879
0.7600030899047852
1.4442334175109863
0.8977046012878418
1.8527841567993164
0.9476470947265625
0.8753106594085693
0.9538743495941162
0.8147823810577393
0.7596938610076904
0.8279500007629395
0.9701859951019287
0.7485456466674805
0.832378625869751
1.9118168354034424
1.0517692565917969
2.0321667194366455
0.9160118103027344
1.8371224403381348
0.884505033493042
0.7489430904388428
0.952824592590332
0.8493742942810059
0.9868519306182861
0.9549951553344727
0.9830780029296875
0.9844634532928467
0.8573172092437744
0.849494218826294
0.8844659328460693
0.844292402267456
0.9254250526428223
0.8276739120483398
0.9786574840545654
0.9980740547180176
0.7455358505249023
0.7570526599884033
0.8565192222595215
1.3348076343536377
0.769026517868042
0.9239675998687744
0.8440728187561035
0.8517963886260986
0.9491398334503174
0.8100795745849609
0.7450370788574219
0.9012963771820068
0.8315460681915283
0.8988063335418701
0.8458845615386963
0.004007101058959961
0.7383713722229004
1.016401767730713
0.004518985748291016
0.8709731101989746
0.9655923843383789
0.0029993057250976562
0.7455546855926514
0.8475503921508789
0.004995584487915039
0.8488798141479492
0.8776636123657227
0.758723258972168
0.8690183162689209
0.7430293560028076
0.003518342971801758
0.7593450546264648
0.8450276851654053
0.7633249759674072
0.004507541656494141
0.816525936126709
0.8774304389953613
0.8111763000488281
0.004617452621459961
0.7914953231811523
0.7579412460327148
0.003948211669921875
0.8578996658325195
1.0010592937469482
0.833078145980835
0.8339884281158447
0.7526223659515381
0.7625107765197754
0.8690931797027588
0.7434158325195312
0.8478014469146729
0.9080166816711426
0.8766388893127441
0.8258540630340576
0.8611326217651367
0.7474865913391113
0.7688536643981934
1.0016899108886719
0.7489867210388184
0.7401869297027588
0.0032813549041748047
0.8527264595031738
0.9170727729797363
0.8841352462768555
0.8746135234832764
0.9145686626434326
0.845085620880127
0.8980085849761963
0.8867275714874268
0.770430326461792
0.7499005794525146
0.0030052661895751953
1.933910846710205
0.8975925445556641
0.7496500015258789
1.8425610065460205
0.9368715286254883
0.8921842575073242
1.0052568912506104
0.9120426177978516
0.7458477020263672
0.8352875709533691
0.005527973175048828
0.8470120429992676
0.7510268688201904
0.808922529220581
0.748201847076416
1.8905532360076904
0.8405849933624268
0.8610100746154785
0.7513132095336914
0.758721113204956
0.8454079627990723
0.8389298915863037
0.8588240146636963
0.7458939552307129
0.8374040126800537
0.8083148002624512
0.9904971122741699
0.7479052543640137
0.8361308574676514
0.8039953708648682
0.7935593128204346
0.003268003463745117
0.7546789646148682
0.8334646224975586
0.8621559143066406
0.8002738952636719
0.8773136138916016
0.748511791229248
0.8778114318847656
0.7743434906005859
0.8374490737915039
0.7491118907928467
0.7522006034851074
0.8514206409454346
0.767960786819458
0.7944347858428955
0.9162235260009766
0.8489625453948975
0.0045223236083984375
0.9231436252593994
0.9197919368743896
0.770216703414917
0.9172487258911133
0.963280200958252
0.8587357997894287
0.0030138492584228516
1.0221977233886719
0.004525661468505859
0.8998408317565918
0.910358190536499
0.892974853515625
0.8429925441741943
0.9642372131347656
0.8747348785400391
0.8466343879699707
0.860107421875
0.8037819862365723
0.8757777214050293
0.003986835479736328
0.7658259868621826
0.8878297805786133
0.7825040817260742
0.9044969081878662
0.7680799961090088
0.9006674289703369
0.9563624858856201
0.9706141948699951
0.9522926807403564
0.9392576217651367
0.8989837169647217
0.003001689910888672
0.817371129989624
0.7774739265441895
0.8053557872772217
0.8432998657226562
0.77178955078125
0.7700722217559814
0.8989479541778564
0.9523928165435791
0.9139413833618164
0.9107875823974609
0.7960846424102783
0.003083467483520508
0.8132889270782471
0.7778463363647461
0.8900001049041748
1.354029893875122
0.0030074119567871094
0.812758207321167
0.8366696834564209
0.8738837242126465
0.8225460052490234
0.7926802635192871
0.8889467716217041
0.7629625797271729
0.9098751544952393
0.9098351001739502
0.7707068920135498
0.8976936340332031
0.7950966358184814
0.8407340049743652
0.86824631690979
0.7769021987915039
0.0045206546783447266
0.8466932773590088
0.0039632320404052734
1.0491549968719482
0.8386476039886475
0.8306112289428711
0.8403465747833252
0.8104639053344727
0.8302996158599854
0.003998994827270508
1.228882074356079
0.7983841896057129
0.972491979598999
0.8402645587921143
0.004008769989013672
0.8337299823760986
0.8389623165130615
0.8960206508636475
0.9638192653656006
0.982079267501831
0.900571346282959
0.004517555236816406
0.8348095417022705
0.003895282745361328
0.004332304000854492
0.7808578014373779
0.9233646392822266
0.8268883228302002
0.8589017391204834
0.8365182876586914
0.799882173538208
0.7642230987548828
0.844867467880249
0.8359470367431641
0.8229854106903076
0.7707395553588867
0.8209066390991211
0.954960823059082
0.9384186267852783
0.8765480518341064
0.776820182800293
0.8113157749176025
0.004329204559326172
0.7820041179656982
0.7799465656280518
0.7749712467193604
0.8117070198059082
0.9156975746154785
0.8515946865081787
2.127183198928833
0.004522562026977539
0.8791000843048096
0.8104028701782227
1.0706779956817627
0.8290901184082031
2.2911267280578613
0.8709836006164551
0.8151288032531738
0.9126303195953369
0.7853734493255615
0.8445596694946289
0.7872543334960938
0.003998994827270508
0.9345037937164307
0.7595553398132324
0.0045206546783447266
0.911435604095459
0.0046846866607666016
1.044044017791748
0.7715191841125488
0.8155348300933838
0.7655937671661377
0.9032084941864014
0.8722507953643799
0.7849617004394531
0.7655735015869141
1.0247273445129395
0.003992795944213867
0.8619492053985596
0.004323005676269531
0.8387975692749023
0.8187150955200195
0.7679951190948486
0.952934741973877
0.7864391803741455
0.9100801944732666
0.8080110549926758
0.7945573329925537
0.7688188552856445
0.8342392444610596
0.8156280517578125
0.8101315498352051
0.004000186920166016
0.004038333892822266
0.900315523147583
0.003604412078857422
0.7682573795318604
0.7707991600036621
0.7724566459655762
0.004514455795288086
0.8474290370941162
0.7654345035552979
0.8261804580688477
0.8747808933258057
0.7723894119262695
0.854670524597168
0.8666708469390869
0.8200840950012207
0.7785019874572754
0.8468763828277588
0.7888705730438232
0.8693633079528809
0.7982118129730225
0.7737164497375488
0.7729275226593018
0.005008220672607422
0.8764853477478027
0.8191580772399902
0.7926249504089355
0.8065929412841797
0.7878661155700684
0.8468902111053467
0.004999637603759766
0.8886914253234863
0.8010969161987305
0.004159450531005859
0.8468172550201416
0.7694129943847656
0.9151279926300049
0.7990918159484863
0.8023958206176758
0.9232501983642578
0.8019299507141113
0.8892772197723389
0.7961728572845459
0.8120861053466797
0.9096124172210693
0.8001089096069336
0.9554347991943359
1.343773603439331
0.8930518627166748
0.9581480026245117
0.8363456726074219
0.7802243232727051
0.8609960079193115
0.003998756408691406
0.8280768394470215
0.791111946105957
0.8056762218475342
0.7633898258209229
0.8095126152038574
0.7969982624053955
0.8134338855743408
0.8283870220184326
0.836275577545166
0.7907893657684326
0.7812173366546631
0.831322193145752
0.8001194000244141
0.7643253803253174
0.8098478317260742
1.3338027000427246
0.7740070819854736
0.7915921211242676
0.004540920257568359
0.004008293151855469
0.8618505001068115
0.8242840766906738
0.0037932395935058594
0.8465147018432617
0.767601490020752
0.003962039947509766
0.0039288997650146484
0.0038378238677978516
0.005006074905395508
0.0035390853881835938
0.8125882148742676
0.8416306972503662
0.816063404083252
0.7684056758880615
0.8085212707519531
0.7775213718414307
0.8793389797210693
0.8629570007324219
0.8469493389129639
0.005146980285644531
2.3999581336975098
0.9980461597442627
0.8686494827270508
0.9000580310821533
0.003990888595581055
0.8741824626922607
0.7931649684906006
0.005027055740356445
0.7701096534729004
0.8099122047424316
0.8527309894561768
0.8110945224761963
0.0040056705474853516
0.004008054733276367
0.7779088020324707
0.8070986270904541
2.39072847366333
0.9876456260681152
0.7524912357330322
0.758570671081543
0.7471342086791992
0.7781727313995361
0.005529880523681641
2.349590301513672
0.8544044494628906
0.0034093856811523438
0.8188157081604004
1.2985098361968994
0.7673535346984863
0.004013776779174805
0.0030040740966796875
0.779627799987793
0.7443652153015137
0.7837822437286377
0.9170141220092773
0.7728176116943359
1.142535924911499
0.846158504486084
0.9857490062713623
0.8460953235626221
0.8385879993438721
0.755892276763916
0.758544921875
0.7417764663696289
0.004530906677246094
0.7551805973052979
0.8157107830047607
0.005524158477783203
0.7881267070770264
0.7447478771209717
0.767892599105835
0.7562460899353027
0.00400996208190918
0.9535667896270752
0.837599515914917
0.7732534408569336
0.0055658817291259766
0.005158901214599609
0.9079205989837646
0.7691848278045654
0.8281621932983398
0.004545688629150391
0.7502903938293457
0.7676565647125244
0.004006385803222656
0.003999471664428711
0.7531991004943848
0.0029985904693603516
0.7691583633422852
0.004172325134277344
0.7988016605377197
0.8580090999603271
0.759568452835083
0.9027538299560547
0.003999233245849609
0.7973761558532715
1.382523775100708
0.7690558433532715
0.7708902359008789
0.7982776165008545
0.8331332206726074
0.002998828887939453
