0.9194724559783936
0.793536901473999
0.7766830921173096
0.7661130428314209
0.7799959182739258
0.8047125339508057
0.8587961196899414
0.7969601154327393
0.7885499000549316
0.7865049839019775
0.7861506938934326
0.772860050201416
0.8017456531524658
0.7922313213348389
0.8877401351928711
0.785139799118042
0.9454827308654785
0.7751104831695557
0.7688746452331543
0.7893176078796387
0.7735700607299805
0.8510620594024658
0.8121459484100342
0.7749991416931152
0.7795867919921875
0.7582917213439941
0.7630813121795654
0.7607808113098145
0.7733714580535889
0.861152172088623
0.7915282249450684
0.7785201072692871
0.7811872959136963
0.7714328765869141
0.7778186798095703
0.8168208599090576
0.7745308876037598
0.8116269111633301
0.7687044143676758
0.7814147472381592
0.7756381034851074
0.7840778827667236
0.7920031547546387
0.0040051937103271484
0.7750556468963623
0.889432430267334
0.8532717227935791
0.8193233013153076
0.8177602291107178
0.773411750793457
0.0050165653228759766
0.7864832878112793
0.7851428985595703
0.840505838394165
0.8900256156921387
0.8227429389953613
0.781494140625
0.8760581016540527
0.7876689434051514
0.8582372665405273
0.8267974853515625
0.8335542678833008
0.7763156890869141
0.804471492767334
0.7833883762359619
0.8173806667327881
0.7645506858825684
0.8046205043792725
0.7707726955413818
0.9815950393676758
0.7706265449523926
0.777151346206665
0.78997802734375
0.772916316986084
0.8712158203125
0.7792136669158936
0.8172836303710938
0.8215827941894531
0.7706422805786133
0.791095495223999
0.8411867618560791
0.795759916305542
0.830270528793335
0.7657153606414795
0.8371479511260986
0.8612563610076904
0.7712259292602539
1.2265899181365967
0.00501251220703125
0.8029344081878662
0.7966265678405762
0.8001489639282227
0.9176731109619141
0.774151086807251
0.7734518051147461
0.8211081027984619
0.7865655422210693
0.7798101902008057
0.7686538696289062
2.1874828338623047
0.7641229629516602
0.7663776874542236
0.7920017242431641
0.7865519523620605
0.7668342590332031
0.8363618850708008
0.782538652420044
0.7657051086425781
0.7798314094543457
0.830390214920044
1.7726671695709229
0.8750898838043213
0.7875025272369385
0.7767574787139893
0.7693850994110107
0.7865121364593506
0.7790391445159912
0.7916133403778076
1.1162114143371582
0.8562688827514648
0.8162407875061035
0.7725620269775391
0.7751708030700684
0.7665948867797852
0.7940535545349121
0.7835893630981445
0.8597631454467773
0.7808253765106201
0.7620096206665039
0.8064689636230469
0.7959797382354736
0.8031105995178223
0.7862412929534912
1.2044661045074463
0.8451378345489502
0.7874958515167236
0.7678365707397461
0.7929568290710449
0.7790765762329102
0.788959264755249
0.7768576145172119
0.8867042064666748
0.7970306873321533
0.8013830184936523
0.7842388153076172
0.7835226058959961
0.789602518081665
0.7673003673553467
0.7960917949676514
0.9114134311676025
0.7994349002838135
0.7748360633850098
0.76535964012146
0.7958061695098877
0.7753443717956543
0.7666640281677246
0.8861103057861328
0.7829155921936035
0.7989046573638916
0.796424388885498
0.7667722702026367
0.7722179889678955
0.7665259838104248
0.8341953754425049
0.8831512928009033
0.7993934154510498
0.7587711811065674
0.7709734439849854
0.7811689376831055
0.8079953193664551
0.7748022079467773
0.8828938007354736
0.7787735462188721
0.7870385646820068
0.7680118083953857
0.793971061706543
0.7821455001831055
0.7873303890228271
0.7930757999420166
2.00516676902771
0.772691011428833
0.799189567565918
0.7789523601531982
0.780719518661499
0.7755858898162842
0.8185131549835205
0.7698359489440918
0.7792403697967529
0.7867226600646973
0.794105052947998
0.7771759033203125
0.7691974639892578
0.7973427772521973
0.8398754596710205
0.8353488445281982
0.7880327701568604
0.7738585472106934
0.8120412826538086
0.7685267925262451
0.7721686363220215
0.8216969966888428
0.8198134899139404
0.773076057434082
0.7809062004089355
0.7783856391906738
0.784005880355835
0.7871909141540527
0.7908046245574951
0.8976483345031738
0.7874109745025635
0.7770307064056396
0.7847130298614502
0.7812552452087402
0.7605562210083008
0.7702572345733643
0.7834839820861816
0.8432202339172363
0.7653422355651855
0.7813389301300049
0.7938005924224854
0.793060302734375
0.7850639820098877
0.7597134113311768
0.9060788154602051
0.7734217643737793
0.8316295146942139
0.7831900119781494
0.7716963291168213
0.7736177444458008
0.7821431159973145
0.7636573314666748
0.8251349925994873
0.7609045505523682
0.7902638912200928
0.7685601711273193
0.7793023586273193
0.7970905303955078
0.7709763050079346
0.7869100570678711
0.8130652904510498
0.7573292255401611
0.811741828918457
0.7665929794311523
0.7689731121063232
0.7733597755432129
0.7765576839447021
0.8121232986450195
0.8089053630828857
0.788257360458374
0.7642450332641602
0.8015177249908447
0.8035752773284912
0.7695231437683105
0.7892708778381348
1.0314419269561768
0.7833652496337891
0.7728359699249268
0.7869720458984375
0.8469421863555908
0.8548855781555176
0.7825043201446533
0.832308292388916
0.7975833415985107
0.7841019630432129
0.7631638050079346
0.7920050621032715
0.7688264846801758
0.78582763671875
0.7861342430114746
0.8218352794647217
0.7877514362335205
0.7809696197509766
0.7891526222229004
0.7782301902770996
0.7872004508972168
0.7955324649810791
0.784508228302002
0.8935689926147461
0.7669887542724609
0.7768287658691406
0.7846231460571289
0.776395320892334
0.06027722358703613
0.7861080169677734
0.7917842864990234
0.8547470569610596
0.767810583114624
0.780726432800293
0.7756848335266113
0.7792918682098389
0.812354326248169
0.7743632793426514
0.7885777950286865
0.8160815238952637
0.7896881103515625
0.7912192344665527
0.7728221416473389
0.7771337032318115
0.7682828903198242
0.8363165855407715
0.8472654819488525
0.8080008029937744
0.7838404178619385
0.004519462585449219
0.7976887226104736
0.7652266025543213
0.7936677932739258
0.7979366779327393
0.7931973934173584
0.9774909019470215
0.7881617546081543
0.7900702953338623
0.7707185745239258
0.7825522422790527
0.7850124835968018
0.783113956451416
0.8675277233123779
0.819270133972168
0.7844223976135254
0.7719566822052002
0.7760634422302246
0.7642557621002197
0.7962646484375
0.7671878337860107
0.804182767868042
0.7899782657623291
0.784447193145752
0.795891523361206
0.7806761264801025
0.7750918865203857
0.7660706043243408
0.7821125984191895
0.8501906394958496
0.7990813255310059
0.7903399467468262
0.7882251739501953
0.7637283802032471
0.7757792472839355
0.7800412178039551
0.8509366512298584
0.795881986618042
0.8134207725524902
0.779618501663208
0.7630352973937988
0.7930963039398193
0.7776646614074707
0.7690322399139404
0.9400804042816162
0.785344123840332
0.7839508056640625
0.7708539962768555
0.7896137237548828
0.7840697765350342
0.7808184623718262
0.7736573219299316
0.003999471664428711
0.8205640316009521
0.7971136569976807
0.7828867435455322
0.779447078704834
0.7989053726196289
0.7988736629486084
0.7911410331726074
0.8151416778564453
0.7933909893035889
0.7888977527618408
0.7925455570220947
0.0042171478271484375
0.793694257736206
0.782463788986206
0.7646927833557129
0.7815101146697998
0.9258363246917725
0.7956633567810059
0.7899830341339111
0.78763747215271
0.9830460548400879
0.7725462913513184
0.7699713706970215
0.892519474029541
0.7964479923248291
0.7781367301940918
0.7842605113983154
0.7869243621826172
0.007520198822021484
0.7762575149536133
0.7807986736297607
0.7762863636016846
0.8214907646179199
0.7964470386505127
0.7766032218933105
0.8032758235931396
0.7883157730102539
0.7877373695373535
0.7830674648284912
0.8307700157165527
0.8311762809753418
0.8092079162597656
0.7827785015106201
0.0035126209259033203
0.8058645725250244
0.7936606407165527
0.7726666927337646
0.8198046684265137
0.9217813014984131
0.7619442939758301
1.8031973838806152
0.77060866355896
0.785977840423584
0.7903351783752441
0.9011685848236084
0.8036363124847412
0.004132270812988281
0.7833573818206787
0.7817375659942627
0.7782838344573975
0.7811892032623291
0.7744014263153076
0.7787351608276367
0.8103423118591309
0.771644115447998
0.7632873058319092
0.7625064849853516
0.7734775543212891
0.8091506958007812
0.7870423793792725
0.8981282711029053
0.8341526985168457
0.7906219959259033
0.7651245594024658
0.7753453254699707
0.7804861068725586
0.7812659740447998
0.0040683746337890625
0.767218828201294
0.9468278884887695
0.8080348968505859
0.7989344596862793
0.7677822113037109
0.7781157493591309
0.004000663757324219
0.0045206546783447266
0.7992477416992188
0.7950530052185059
0.9204936027526855
0.8238837718963623
0.774639368057251
0.7776737213134766
0.7908055782318115
0.7731642723083496
0.7693135738372803
0.7887415885925293
0.9268736839294434
0.7712936401367188
0.0040018558502197266
0.7793731689453125
0.7727797031402588
0.772986650466919
0.7648844718933105
0.7973487377166748
0.7924976348876953
0.8307249546051025
0.7787613868713379
0.808727502822876
0.7870578765869141
0.7829296588897705
0.7890193462371826
0.7946441173553467
0.824857234954834
0.7973015308380127
0.762108325958252
0.7675380706787109
0.7730836868286133
0.7589888572692871
0.7569940090179443
0.7591457366943359
0.9200611114501953
0.7561850547790527
0.7605953216552734
0.7448384761810303
0.7644710540771484
0.7708430290222168
0.7608528137207031
0.7595443725585938
0.8527846336364746
0.7498290538787842
0.7464578151702881
0.7520179748535156
0.7498221397399902
0.7823624610900879
0.7487833499908447
0.7899971008300781
0.8263273239135742
0.7696154117584229
0.004466533660888672
0.755812406539917
0.7707674503326416
0.7372853755950928
0.004571199417114258
0.7802000045776367
0.005529642105102539
0.7455005645751953
0.7432382106781006
0.8545787334442139
0.7499594688415527
0.7715682983398438
0.7659897804260254
0.7654979228973389
0.7546381950378418
0.7814099788665771
0.8474478721618652
0.754131555557251
0.7874655723571777
0.7599308490753174
0.003992795944213867
0.7462975978851318
0.7357590198516846
0.7603659629821777
0.7445249557495117
0.7726361751556396
0.7514324188232422
0.7437641620635986
0.0045318603515625
0.776137113571167
0.7878680229187012
0.7745113372802734
0.7540397644042969
0.7723388671875
0.8011858463287354
0.7526729106903076
0.7670595645904541
0.7586712837219238
0.7551031112670898
0.7820239067077637
0.772045373916626
0.7756500244140625
0.8354804515838623
0.7372274398803711
0.7841901779174805
0.7457234859466553
0.7597527503967285
0.7519190311431885
0.7596542835235596
0.7786290645599365
0.8286552429199219
0.7532424926757812
0.7570598125457764
0.7673509120941162
0.7566561698913574
0.7790000438690186
0.7559094429016113
0.7590317726135254
1.756119728088379
0.7627673149108887
0.7406783103942871
0.7371501922607422
0.7543888092041016
0.7577636241912842
0.816814661026001
0.7794444561004639
0.004006862640380859
0.760545015335083
0.7458758354187012
0.7657568454742432
0.774763822555542
0.7571005821228027
0.7428462505340576
0.8166882991790771
0.7457196712493896
0.7647209167480469
0.7521452903747559
0.7528917789459229
0.7504730224609375
0.7606713771820068
0.7556726932525635
0.79034423828125
0.7613651752471924
0.7560973167419434
0.7625846862792969
0.754328727722168
0.7681844234466553
0.7420146465301514
0.7568118572235107
0.8571248054504395
0.7606399059295654
0.7432334423065186
0.7491624355316162
0.7694246768951416
0.7644000053405762
0.004449367523193359
0.7742781639099121
0.7572417259216309
0.8704097270965576
0.7526261806488037
0.003520488739013672
0.7546629905700684
0.7361509799957275
0.7617349624633789
0.7476363182067871
0.7632131576538086
0.7690520286560059
0.93843674659729
0.7830352783203125
0.7649621963500977
0.7496304512023926
0.7722570896148682
0.7675294876098633
0.7782416343688965
0.7350630760192871
0.8708908557891846
0.7551145553588867
0.7609529495239258
0.7579920291900635
0.7344541549682617
0.7618718147277832
0.7521302700042725
0.8390665054321289
0.7690854072570801
0.7629501819610596
0.7601370811462402
0.003999233245849609
0.7727634906768799
0.7647347450256348
0.004068851470947266
0.7379183769226074
0.7523610591888428
0.8155057430267334
0.7702574729919434
0.7705502510070801
0.7449743747711182
0.7420783042907715
0.7671198844909668
0.7625138759613037
0.7530958652496338
0.003990650177001953
0.8632619380950928
0.0030040740966796875
0.00402379035949707
0.7640848159790039
0.7726161479949951
0.8554117679595947
0.7773737907409668
0.7803571224212646
0.7519254684448242
0.8066627979278564
0.7864501476287842
0.8535678386688232
0.003991127014160156
0.7792878150939941
0.7691652774810791
0.7548277378082275
0.7515213489532471
0.7560639381408691
0.7715461254119873
0.851475715637207
0.7857093811035156
0.7427263259887695
0.8010525703430176
0.7612426280975342
0.748037576675415
0.7665801048278809
0.8347575664520264
0.7369773387908936
0.7824835777282715
0.8086357116699219
0.7786133289337158
0.7746808528900146
0.7455770969390869
0.7458977699279785
0.8120605945587158
0.7568838596343994
0.7862861156463623
0.7584173679351807
0.7733414173126221
0.7519283294677734
0.7779273986816406
0.7896721363067627
0.9170949459075928
0.78814697265625
0.7518875598907471
0.7679834365844727
0.7641260623931885
0.7489778995513916
0.7439835071563721
0.7566840648651123
0.8560395240783691
0.7461872100830078
0.7543201446533203
0.7650880813598633
0.7749402523040771
0.7419044971466064
0.7630066871643066
0.7487835884094238
0.8649725914001465
0.7798178195953369
0.767348051071167
0.7852833271026611
0.7827985286712646
0.7615857124328613
0.7520010471343994
0.8376121520996094
0.7712876796722412
0.7660732269287109
0.7450478076934814
0.7392919063568115
0.7426278591156006
0.7531096935272217
0.7755751609802246
0.8773460388183594
0.004015922546386719
0.7574717998504639
0.7485208511352539
0.7621161937713623
0.7664914131164551
0.003009319305419922
0.7570481300354004
0.7512743473052979
0.00399470329284668
0.7536530494689941
0.8659915924072266
0.7778804302215576
0.7629821300506592
0.7771377563476562
0.7919490337371826
0.7681989669799805
0.7899312973022461
0.7673361301422119
0.8798503875732422
0.7713625431060791
0.7842733860015869
0.7880103588104248
0.7645297050476074
0.7830090522766113
0.7878050804138184
0.8531222343444824
1.7895376682281494
0.7599573135375977
0.8072998523712158
0.003998994827270508
0.8067471981048584
0.7832698822021484
0.7838633060455322
0.8247523307800293
0.7867844104766846
0.7818617820739746
0.7728977203369141
0.7836863994598389
0.7727484703063965
0.7903940677642822
0.8709502220153809
0.8134911060333252
0.8055272102355957
0.0035321712493896484
0.003998517990112305
0.7653458118438721
0.8196725845336914
0.8242790699005127
0.004361152648925781
0.7936305999755859
0.7861366271972656
0.8016321659088135
0.7966182231903076
0.8098006248474121
0.8335862159729004
0.7903287410736084
0.7992525100708008
0.7597625255584717
2.259028434753418
0.8159277439117432
0.7752015590667725
0.8052875995635986
0.7853548526763916
0.768021821975708
0.8713409900665283
0.7796361446380615
0.7615954875946045
0.7816057205200195
0.7763385772705078
0.7742359638214111
0.7913815975189209
0.7721338272094727
0.9142074584960938
0.004000663757324219
0.7977995872497559
0.818152904510498
0.775564432144165
0.8135313987731934
0.003999948501586914
0.7979030609130859
0.7959284782409668
0.8014709949493408
0.7671968936920166
0.7795047760009766
0.7816493511199951
0.7846541404724121
0.8044772148132324
0.004010438919067383
0.8152503967285156
0.004517316818237305
0.776198148727417
0.9200539588928223
0.7890925407409668
0.7729077339172363
0.8505153656005859
0.7888703346252441
0.004511117935180664
0.8446652889251709
0.7728757858276367
0.864365816116333
0.0039997100830078125
0.7716770172119141
0.7959613800048828
0.7975003719329834
0.8158366680145264
0.768709659576416
0.8080265522003174
0.8205788135528564
0.8496277332305908
0.780224084854126
0.0055408477783203125
0.8016476631164551
0.003997802734375
0.7802252769470215
0.7937250137329102
0.7709109783172607
0.7999539375305176
0.8534624576568604
0.7949097156524658
0.7697408199310303
0.7848079204559326
0.7853212356567383
0.7927854061126709
0.7830009460449219
0.7911341190338135
0.9100213050842285
0.8060302734375
0.7811152935028076
0.8112077713012695
0.7950434684753418
0.7799100875854492
0.7771086692810059
0.8084115982055664
0.8316876888275146
0.8622698783874512
0.8304760456085205
0.786109209060669
0.7981133460998535
0.779853105545044
0.004042148590087891
0.7979493141174316
0.8929657936096191
0.8392195701599121
0.8559219837188721
0.8533859252929688
0.8813250064849854
0.8741097450256348
0.7843296527862549
1.1060585975646973
0.8752386569976807
0.9899210929870605
0.8942046165466309
0.8387746810913086
0.8792338371276855
2.36220645904541
0.0035033226013183594
0.8527262210845947
0.8285949230194092
0.8668460845947266
0.8574061393737793
0.8720073699951172
2.051806688308716
0.003989219665527344
0.8287699222564697
0.005568027496337891
0.8409364223480225
0.8263118267059326
0.843158483505249
2.343372344970703
0.9830844402313232
0.8688404560089111
0.8394680023193359
0.8345246315002441
0.8423314094543457
0.9628820419311523
0.8607008457183838
0.8805677890777588
0.8506481647491455
0.8425910472869873
0.8322532176971436
0.8583176136016846
2.0230624675750732
0.8497624397277832
0.8543701171875
0.930492639541626
0.8641538619995117
0.8981642723083496
0.8608379364013672
0.8676917552947998
0.7899658679962158
0.004523754119873047
0.7978160381317139
0.8779256343841553
0.827052116394043
0.8528757095336914
0.870896577835083
0.00400090217590332
0.8477215766906738
0.8496184349060059
0.8889844417572021
0.8655509948730469
0.003014802932739258
0.004996061325073242
0.00467228889465332
0.861947774887085
0.00415802001953125
0.8600444793701172
1.053286075592041
0.8398058414459229
0.8558642864227295
0.8555755615234375
0.8282802104949951
0.8562901020050049
0.004009723663330078
0.9161458015441895
0.9346065521240234
0.8469300270080566
0.8476877212524414
0.8782498836517334
0.8696517944335938
0.8698577880859375
2.2229111194610596
0.8670613765716553
0.8489623069763184
0.8520269393920898
0.8446717262268066
0.8417227268218994
0.9209747314453125
0.00543212890625
0.8025379180908203
0.7948968410491943
0.8595318794250488
0.8910009860992432
0.8650603294372559
0.8759903907775879
0.8328008651733398
0.8592061996459961
0.780693769454956
0.8230903148651123
0.7717688083648682
0.7805221080780029
0.7955746650695801
0.7951946258544922
0.805107593536377
0.7907199859619141
0.7680995464324951
0.0043790340423583984
0.7709178924560547
0.7645461559295654
0.004010915756225586
0.7792530059814453
0.7596011161804199
0.7893710136413574
0.8703031539916992
0.7932090759277344
0.7945308685302734
0.7783622741699219
0.8020327091217041
0.7807796001434326
0.7884330749511719
0.7798175811767578
0.7887265682220459
0.7864692211151123
0.778587818145752
0.7904140949249268
0.7686107158660889
0.7679250240325928
0.7997004985809326
0.7848184108734131
0.7695069313049316
0.7861988544464111
0.7684242725372314
0.7775230407714844
0.7809550762176514
0.7770864963531494
0.7870321273803711
0.83819580078125
0.7679824829101562
0.7733116149902344
0.004000425338745117
0.004516124725341797
0.8219478130340576
0.003995180130004883
0.7767930030822754
0.0030052661895751953
0.7936439514160156
0.7822158336639404
0.7949748039245605
0.8583955764770508
0.7801945209503174
0.7908573150634766
0.003999233245849609
