0.9929118156433105
0.8695344924926758
0.8351411819458008
0.8975727558135986
0.766228437423706
0.8118743896484375
0.9172613620758057
0.9499120712280273
0.907137393951416
0.8327212333679199
0.9792852401733398
0.8518903255462646
1.010263204574585
1.0086517333984375
0.8622291088104248
1.0072410106658936
0.904414176940918
0.774172306060791
0.903479814529419
0.8086786270141602
1.9352331161499023
0.9771115779876709
0.9048032760620117
0.918144941329956
0.9490466117858887
0.8577380180358887
0.9700348377227783
0.7660963535308838
0.8709309101104736
0.8318707942962646
0.9547061920166016
0.9884846210479736
0.751558780670166
0.8554737567901611
0.8718209266662598
0.8357524871826172
0.8352320194244385
0.8531279563903809
0.8996856212615967
0.8300657272338867
0.8492324352264404
0.7666981220245361
0.8910362720489502
0.773125171661377
0.8368752002716064
0.8490216732025146
0.8144721984863281
0.9003736972808838
1.1899325847625732
0.7778623104095459
0.9394428730010986
0.8609981536865234
0.8208577632904053
0.8313655853271484
0.9154653549194336
0.7595398426055908
0.7894816398620605
0.7818233966827393
0.7669715881347656
0.8287417888641357
0.7810492515563965
0.8441953659057617
0.7748205661773682
0.7559194564819336
0.763655424118042
0.8041927814483643
0.8247396945953369
0.7865958213806152
0.8782024383544922
0.9548904895782471
0.7927491664886475
0.9305064678192139
0.8867537975311279
0.8899250030517578
0.7597143650054932
0.8359947204589844
0.9246511459350586
0.9915738105773926
0.7749407291412354
0.8182113170623779
0.741034984588623
0.8673381805419922
0.7516586780548096
0.8719499111175537
0.7992660999298096
0.7982313632965088
0.787034273147583
0.8580195903778076
0.7521884441375732
0.7715835571289062
0.8622267246246338
0.8715565204620361
0.760371208190918
0.8708376884460449
0.7823448181152344
0.7901861667633057
0.7549185752868652
0.9416611194610596
0.8144230842590332
0.7625913619995117
0.8472883701324463
0.7613823413848877
0.9288403987884521
0.8509228229522705
0.8662571907043457
0.7461848258972168
0.8062195777893066
0.8529133796691895
0.9709489345550537
0.8845677375793457
0.8511326313018799
0.9213607311248779
0.7987208366394043
0.9750363826751709
0.7859244346618652
0.8233950138092041
0.8519957065582275
0.8061740398406982
0.8048887252807617
0.8922450542449951
0.8218135833740234
0.8649747371673584
0.8018641471862793
0.9396915435791016
0.806002140045166
0.9838099479675293
0.7789797782897949
0.8155002593994141
0.8286375999450684
0.8733139038085938
0.9101614952087402
0.8172845840454102
0.9665663242340088
0.864356279373169
0.8520011901855469
0.9008851051330566
0.8537840843200684
0.842982292175293
0.7783606052398682
0.8313760757446289
0.7695128917694092
0.7828302383422852
0.8055012226104736
0.9103353023529053
0.8293828964233398
0.7786834239959717
0.8620116710662842
0.7779045104980469
0.8543007373809814
0.8146877288818359
0.8872988224029541
0.7777512073516846
0.9100663661956787
0.9377508163452148
0.7694776058197021
0.7883307933807373
0.8359341621398926
0.8441078662872314
0.9392127990722656
1.823612928390503
0.8584866523742676
0.9288992881774902
0.7782011032104492
0.9909350872039795
0.9140152931213379
1.214778184890747
0.9980003833770752
0.7812347412109375
0.81693434715271
0.7727961540222168
0.7682790756225586
0.7999110221862793
0.7794115543365479
0.7837557792663574
0.7988631725311279
0.77998948097229
0.8579587936401367
0.8428459167480469
0.8971166610717773
0.8431146144866943
0.9462337493896484
1.008960485458374
0.907336950302124
0.8992767333984375
0.8305654525756836
0.8314571380615234
0.8497252464294434
0.8476550579071045
0.786895751953125
0.8158395290374756
0.8439137935638428
0.7851231098175049
0.7885470390319824
0.7842922210693359
0.8588607311248779
0.9362478256225586
0.8216407299041748
0.7720787525177002
0.8480844497680664
0.9350507259368896
0.772061824798584
0.8423516750335693
0.7949702739715576
0.7920632362365723
0.7798962593078613
0.8058829307556152
0.7767481803894043
0.8570892810821533
0.864569902420044
0.830878496170044
0.7958769798278809
0.9603040218353271
0.9444751739501953
0.8054263591766357
0.7909636497497559
0.9258766174316406
0.8800270557403564
0.7845518589019775
0.8874621391296387
0.7867608070373535
0.8672940731048584
0.819690465927124
0.8590593338012695
0.9082822799682617
0.8201344013214111
0.8128721714019775
0.8476202487945557
0.8623192310333252
0.7936387062072754
0.9306137561798096
0.8029046058654785
0.9192557334899902
0.8110504150390625
0.9192540645599365
0.785308837890625
0.9250140190124512
0.8309948444366455
0.7878024578094482
0.8388466835021973
0.8042633533477783
0.8590719699859619
0.7828166484832764
0.8004550933837891
0.8646211624145508
0.826202392578125
0.811659574508667
0.770646333694458
0.7847645282745361
0.7802102565765381
0.7903220653533936
0.7640821933746338
0.8037488460540771
0.87558913230896
0.8181607723236084
0.784759521484375
0.7660748958587646
0.8208587169647217
0.804375410079956
0.9166591167449951
0.7889482975006104
0.8299574851989746
0.7702078819274902
0.9400765895843506
0.7811300754547119
0.808549165725708
0.7830402851104736
0.8361458778381348
0.7970128059387207
0.8332314491271973
0.7828152179718018
0.8721041679382324
0.9605576992034912
0.7727963924407959
0.7865786552429199
0.8848166465759277
0.9123790264129639
1.4215154647827148
0.7713425159454346
0.8186724185943604
0.7832903861999512
0.9562497138977051
0.8666036128997803
0.7738103866577148
0.8489882946014404
0.7773995399475098
0.8568966388702393
0.8032653331756592
0.9094719886779785
0.8031618595123291
0.8814382553100586
0.8671939373016357
1.004347562789917
0.8933382034301758
0.7853991985321045
0.769944429397583
0.8744304180145264
1.9211795330047607
0.7844440937042236
0.866661787033081
0.8164975643157959
0.8127830028533936
0.8461227416992188
0.8405444622039795
0.8227341175079346
0.7883775234222412
0.8050973415374756
0.8210294246673584
1.0060596466064453
0.8910188674926758
0.9995687007904053
0.9333341121673584
0.7882535457611084
0.8451499938964844
0.8058393001556396
0.7746081352233887
0.7976400852203369
0.8370444774627686
0.8554916381835938
0.7593910694122314
0.7931389808654785
0.8933823108673096
0.8764159679412842
0.8808975219726562
0.8254234790802002
0.7684729099273682
0.8167150020599365
0.8135764598846436
0.8428671360015869
0.7717068195343018
0.7820208072662354
0.7872684001922607
0.9650933742523193
0.7711091041564941
0.791590690612793
0.9160268306732178
0.8936963081359863
0.9055178165435791
0.9779810905456543
0.8764753341674805
1.1762101650238037
0.918055534362793
0.7919604778289795
0.8081471920013428
0.8102996349334717
0.7967026233673096
0.8094909191131592
0.8096187114715576
0.8708665370941162
0.8763868808746338
0.8469364643096924
0.7786462306976318
0.8035542964935303
0.9248514175415039
0.8560044765472412
0.8198556900024414
0.7789528369903564
0.9244725704193115
0.9775667190551758
0.8769259452819824
0.8356523513793945
0.894268274307251
0.8217017650604248
0.7723994255065918
0.9638581275939941
0.7684597969055176
0.8517522811889648
0.7827246189117432
0.8404791355133057
0.8945457935333252
0.817455530166626
0.8124151229858398
0.8003201484680176
0.9059951305389404
0.8762309551239014
0.896817684173584
0.8060157299041748
0.7817964553833008
0.8953287601470947
0.9330506324768066
0.7741754055023193
0.8369829654693604
0.77305006980896
0.8750758171081543
0.7742981910705566
1.1922187805175781
0.8444478511810303
0.9238097667694092
0.8994326591491699
1.4024755954742432
0.8314096927642822
0.7951223850250244
0.8080878257751465
0.8808972835540771
1.0131032466888428
0.7778482437133789
0.7858068943023682
0.8260598182678223
1.2144887447357178
0.8059828281402588
0.7924048900604248
0.8015289306640625
0.8420352935791016
0.8400635719299316
0.7846684455871582
0.7714481353759766
0.7558779716491699
0.8010025024414062
0.7860960960388184
0.9270260334014893
0.9638364315032959
0.886988639831543
0.8667263984680176
0.7879354953765869
0.8745136260986328
0.7812700271606445
0.8336248397827148
0.7891478538513184
0.8409528732299805
0.858156681060791
0.8621251583099365
0.7540199756622314
0.7530570030212402
0.9190144538879395
0.7740755081176758
0.8948774337768555
0.8292112350463867
0.7747795581817627
0.8643605709075928
0.7618820667266846
0.864990234375
0.8019351959228516
0.7449512481689453
0.822965145111084
0.8425235748291016
0.8254401683807373
0.8729562759399414
0.8203213214874268
0.7720890045166016
0.7378547191619873
0.7578372955322266
0.8531255722045898
1.7759544849395752
0.8592534065246582
0.8211688995361328
0.8900423049926758
0.8666443824768066
0.7569723129272461
0.8362183570861816
0.8227968215942383
0.7481284141540527
0.8400099277496338
0.8110678195953369
0.8965177536010742
0.8248310089111328
0.8099498748779297
0.9473049640655518
0.8528914451599121
0.8442642688751221
0.7767088413238525
0.8560431003570557
0.7721438407897949
0.004539012908935547
0.8241705894470215
0.8463380336761475
0.7482943534851074
0.7513425350189209
0.9462165832519531
0.7680137157440186
0.7588984966278076
0.8191516399383545
0.8256652355194092
0.8222997188568115
0.8886523246765137
0.7660737037658691
0.8501372337341309
0.7583444118499756
0.8803601264953613
0.7790796756744385
0.8363802433013916
0.7857553958892822
0.8162531852722168
0.8834133148193359
0.8141443729400635
0.8845090866088867
0.7507286071777344
0.743964672088623
0.7748639583587646
1.852388858795166
0.8368327617645264
0.8100981712341309
0.923356294631958
0.9135158061981201
0.7823066711425781
0.7555019855499268
0.8749082088470459
0.8038363456726074
0.8172838687896729
0.8465323448181152
0.7659988403320312
0.7620549201965332
0.7832798957824707
0.9527866840362549
0.8199300765991211
0.9207146167755127
0.7533087730407715
0.9031040668487549
0.754796028137207
0.7540247440338135
0.7516846656799316
0.8655071258544922
0.9736924171447754
0.7686138153076172
0.7670340538024902
0.9399504661560059
0.8341448307037354
0.7457294464111328
0.8492851257324219
0.8029811382293701
0.8236005306243896
0.7644779682159424
0.8704721927642822
0.7725133895874023
0.7942049503326416
0.7863595485687256
0.9444994926452637
0.7594132423400879
0.8090612888336182
0.9084570407867432
0.7573673725128174
0.765744686126709
0.8496894836425781
0.9438867568969727
0.75044846534729
0.8419842720031738
0.7482631206512451
0.9077391624450684
0.82295823097229
0.8273661136627197
0.8240134716033936
0.8849232196807861
0.9723594188690186
0.918921709060669
0.8569178581237793
0.910163402557373
0.8377554416656494
0.8012077808380127
0.8841814994812012
0.7828607559204102
0.7443046569824219
0.835808515548706
0.8121917247772217
0.7770497798919678
0.9632155895233154
0.9676575660705566
0.8762660026550293
0.8177764415740967
0.8751318454742432
0.7589752674102783
0.8876352310180664
0.8330893516540527
0.8144693374633789
0.9493813514709473
0.8331289291381836
0.8482556343078613
0.9080901145935059
0.8070299625396729
0.9925427436828613
0.9381310939788818
0.8954012393951416
0.8141028881072998
0.8932883739471436
0.7612125873565674
0.8157632350921631
0.7562744617462158
0.8261168003082275
0.9674947261810303
0.8587360382080078
0.8498845100402832
0.8607821464538574
0.9209644794464111
0.8295164108276367
0.8731045722961426
0.857987642288208
0.7702171802520752
0.7923934459686279
0.7889499664306641
0.8109679222106934
0.8738148212432861
0.7654054164886475
0.7532517910003662
0.7965426445007324
0.8462889194488525
0.8257601261138916
0.8922245502471924
0.866675615310669
0.885915994644165
0.7768797874450684
0.8492708206176758
0.7503232955932617
0.8335330486297607
0.7549088001251221
0.7971956729888916
0.8318390846252441
0.8917138576507568
0.7731373310089111
0.7802650928497314
0.7700080871582031
0.845909595489502
0.8281230926513672
0.8507657051086426
0.78635573387146
0.8944699764251709
0.8578891754150391
0.8140428066253662
0.0045087337493896484
0.878685712814331
0.7620198726654053
0.7714090347290039
0.8136634826660156
0.8831567764282227
0.7803957462310791
0.8238565921783447
0.7480576038360596
0.7612872123718262
0.8795299530029297
0.83587646484375
0.9931285381317139
0.8599414825439453
0.8423123359680176
0.8065469264984131
0.7702281475067139
0.8449759483337402
0.8388059139251709
0.827420711517334
0.881680965423584
0.8501613140106201
0.7517831325531006
1.8249187469482422
0.839824914932251
0.8439335823059082
0.8312034606933594
0.8918681144714355
0.7824156284332275
0.8306834697723389
0.7936453819274902
0.8300559520721436
0.8622877597808838
0.8358087539672852
0.753227949142456
0.7999744415283203
0.7591135501861572
0.9520885944366455
0.7846603393554688
0.7586796283721924
0.8510191440582275
0.8735625743865967
0.7654721736907959
0.9096448421478271
0.9625575542449951
0.8871555328369141
0.003999233245849609
0.8109872341156006
0.818448543548584
0.883277177810669
0.813443660736084
0.7853338718414307
0.8902525901794434
0.7885844707489014
1.0346016883850098
0.7659573554992676
0.7534215450286865
0.902785062789917
0.9177312850952148
0.8401281833648682
0.9409472942352295
0.9907054901123047
0.8242175579071045
0.8600726127624512
1.8431859016418457
0.8624739646911621
0.7961711883544922
0.8150901794433594
0.7572693824768066
0.782095193862915
0.8241233825683594
0.7611780166625977
0.9853208065032959
0.8343970775604248
0.7510576248168945
0.8318526744842529
0.7698907852172852
0.8276872634887695
0.7565927505493164
0.8134527206420898
0.8448600769042969
0.7639503479003906
0.9328525066375732
0.9489333629608154
0.834597110748291
0.752608060836792
0.9329922199249268
0.8230342864990234
0.8691918849945068
0.8278775215148926
0.9184005260467529
0.9735469818115234
0.7459018230438232
0.740034818649292
0.9322552680969238
0.7570335865020752
0.8440349102020264
1.0168159008026123
0.8588473796844482
0.7652850151062012
0.7641885280609131
0.7994649410247803
0.7595601081848145
0.8908069133758545
0.8920824527740479
0.79339599609375
1.8115906715393066
0.7657155990600586
0.8849728107452393
0.7568371295928955
0.8392112255096436
0.9010117053985596
0.9032890796661377
0.00451207160949707
0.970346212387085
0.7733542919158936
0.7724308967590332
0.7659623622894287
0.9464786052703857
0.8728032112121582
0.8970768451690674
0.8969600200653076
0.9538793563842773
0.8877830505371094
0.9881532192230225
0.7792026996612549
0.8717629909515381
0.7571721076965332
0.8441591262817383
0.903339147567749
0.946744441986084
0.752028226852417
0.790910005569458
0.8422384262084961
0.9209413528442383
0.774939775466919
0.7562451362609863
0.8261818885803223
0.7436175346374512
0.7641220092773438
0.8309402465820312
0.8500120639801025
0.8190622329711914
0.9545009136199951
0.8430418968200684
0.7516522407531738
0.8034980297088623
0.8977010250091553
0.9364628791809082
0.9080188274383545
0.9813826084136963
0.8435840606689453
0.7814302444458008
0.8001620769500732
0.8511343002319336
0.8347218036651611
0.7602329254150391
0.8252739906311035
0.8777244091033936
0.7538588047027588
0.781867504119873
0.7975995540618896
0.7694497108459473
0.8099262714385986
0.8361396789550781
0.8646316528320312
0.8580710887908936
0.8699710369110107
0.8039767742156982
0.8401758670806885
0.8801612854003906
0.8406269550323486
0.861964225769043
0.8270180225372314
0.7459135055541992
0.8900535106658936
0.9385566711425781
1.3264775276184082
0.82297682762146
0.9682862758636475
0.899381160736084
0.7679414749145508
0.9012906551361084
0.8034186363220215
0.7664976119995117
0.7913436889648438
0.7557446956634521
1.4260153770446777
0.8670594692230225
0.7836089134216309
0.8333158493041992
0.8489844799041748
0.7670145034790039
0.8443872928619385
0.7589540481567383
0.8910083770751953
0.8440775871276855
0.9693052768707275
0.8996219635009766
0.8360245227813721
0.8146758079528809
0.7598659992218018
0.8977329730987549
0.8375794887542725
0.8513312339782715
0.7684800624847412
0.7549612522125244
0.8330650329589844
0.8417096138000488
0.9167168140411377
0.7752847671508789
0.7842729091644287
0.7692904472351074
0.744565486907959
0.7889153957366943
0.8071846961975098
0.8301193714141846
0.8036158084869385
0.7765250205993652
0.9066765308380127
0.7879540920257568
0.8094019889831543
0.8114581108093262
0.7564196586608887
0.7603099346160889
0.8622941970825195
0.7883589267730713
0.8401806354522705
0.9099841117858887
0.8389232158660889
0.7929196357727051
0.7600424289703369
0.7672402858734131
0.8410098552703857
0.8100740909576416
0.8954565525054932
0.7801051139831543
0.8125617504119873
0.790407657623291
0.7484142780303955
0.7692177295684814
0.8802270889282227
0.8681857585906982
0.8061826229095459
0.8308196067810059
0.7624573707580566
0.8226931095123291
0.800804615020752
0.80776047706604
0.754957914352417
0.7595710754394531
0.7738826274871826
0.8084862232208252
0.7720463275909424
0.7524738311767578
0.7597835063934326
0.8875491619110107
0.7941668033599854
0.8146860599517822
0.7509195804595947
0.8148112297058105
0.7991476058959961
0.003993988037109375
0.8070483207702637
0.8840389251708984
0.9212212562561035
0.8409006595611572
0.7887403964996338
0.8516530990600586
0.7599356174468994
0.9259202480316162
0.8179621696472168
0.8361485004425049
0.7553725242614746
0.7518274784088135
0.7742049694061279
0.7761270999908447
0.9151895046234131
0.8858275413513184
0.7651433944702148
0.7554571628570557
0.7655198574066162
0.8212144374847412
0.8937480449676514
0.7914578914642334
0.754986047744751
0.8034706115722656
0.764594316482544
0.7809090614318848
0.8854961395263672
0.846423864364624
0.7967817783355713
0.8300390243530273
0.7510924339294434
0.8149588108062744
0.8291802406311035
0.8078293800354004
0.7662749290466309
0.8139736652374268
0.8818891048431396
0.808337926864624
0.7886970043182373
0.9453713893890381
0.8587758541107178
0.7489566802978516
0.8299129009246826
0.9468011856079102
0.7964115142822266
0.7607645988464355
0.7628722190856934
0.8899142742156982
0.8479812145233154
0.7902364730834961
0.7487063407897949
0.8345718383789062
0.004514932632446289
0.952662467956543
0.785832405090332
0.7919580936431885
0.7739946842193604
0.7629387378692627
0.7722780704498291
0.7773370742797852
0.8462762832641602
0.7832305431365967
0.8246231079101562
0.8058295249938965
0.7744278907775879
0.8058602809906006
0.8457787036895752
0.8190686702728271
0.7747242450714111
0.8891713619232178
0.7658834457397461
0.7562401294708252
0.8544321060180664
0.7682223320007324
0.8170897960662842
0.7494909763336182
0.9131708145141602
0.8846004009246826
0.7819421291351318
0.797626256942749
1.7848310470581055
0.9488992691040039
0.8954474925994873
0.8308143615722656
0.8052523136138916
0.8282926082611084
0.7833514213562012
0.8588218688964844
0.7853212356567383
0.7859187126159668
0.7849996089935303
0.8400914669036865
0.8517184257507324
0.8453404903411865
0.8330180644989014
0.8890130519866943
1.8905434608459473
0.7544951438903809
0.9191734790802002
0.7887091636657715
0.8631236553192139
0.7684319019317627
0.7646200656890869
0.8607485294342041
0.8145947456359863
0.8566849231719971
0.758429765701294
0.7468373775482178
0.7730140686035156
0.7757141590118408
0.7626490592956543
0.8276138305664062
0.7831904888153076
0.8077516555786133
0.7903971672058105
0.8113894462585449
0.775951623916626
0.0034399032592773438
0.9661834239959717
0.8766789436340332
0.7851243019104004
0.8298244476318359
0.82082200050354
0.7767961025238037
