0.892094612121582
0.7972514629364014
0.817380428314209
0.7913691997528076
1.1051840782165527
2.042426347732544
0.7683992385864258
0.8197824954986572
0.7948694229125977
0.8270552158355713
0.8526556491851807
0.9328951835632324
0.7693614959716797
0.7631580829620361
0.7796103954315186
0.9057943820953369
0.8882560729980469
0.8412415981292725
2.163651943206787
0.8104414939880371
0.9553699493408203
0.833005428314209
0.7893052101135254
0.7612359523773193
0.851036548614502
0.7900981903076172
0.8926048278808594
0.9230880737304688
0.7740294933319092
0.8678679466247559
0.7580733299255371
1.0228426456451416
0.7803044319152832
0.7707319259643555
0.8199656009674072
0.7600059509277344
0.7766625881195068
0.8169286251068115
0.8352475166320801
0.8062388896942139
0.7601046562194824
0.8459296226501465
0.782893180847168
1.138275384902954
0.8886458873748779
0.8292386531829834
0.8050217628479004
0.859119176864624
0.9115421772003174
0.8411085605621338
0.8011088371276855
0.9234218597412109
0.9774765968322754
0.7782583236694336
0.7742412090301514
0.7827489376068115
0.7873010635375977
0.786351203918457
0.7796714305877686
0.7559192180633545
0.9734640121459961
0.7732081413269043
0.7806098461151123
0.8090503215789795
1.1264915466308594
0.821908712387085
0.7777838706970215
1.03603196144104
0.796417236328125
0.8045682907104492
0.7856688499450684
0.8318960666656494
1.1848526000976562
0.8327178955078125
0.8277270793914795
0.844057559967041
0.7918872833251953
0.7683496475219727
0.8041326999664307
0.860964298248291
0.8197963237762451
2.235926389694214
0.8493325710296631
0.8085107803344727
0.7692520618438721
0.7606427669525146
0.8142240047454834
0.7877554893493652
0.9422674179077148
0.7671654224395752
0.8339567184448242
0.7960801124572754
0.788670539855957
0.7971599102020264
0.811945915222168
0.8642761707305908
0.782010555267334
0.8168292045593262
0.7777194976806641
0.8382818698883057
0.8045461177825928
0.8598015308380127
0.8437328338623047
0.910024881362915
0.8284318447113037
0.766895055770874
1.7845513820648193
0.8376510143280029
0.7790489196777344
0.8112378120422363
0.7647528648376465
0.7740600109100342
0.7702856063842773
0.8447737693786621
0.8223474025726318
0.7623581886291504
0.8109173774719238
0.8004031181335449
0.8437004089355469
0.9424278736114502
0.8369870185852051
0.7786743640899658
0.8967447280883789
0.8277449607849121
0.9483184814453125
0.8247730731964111
0.8154544830322266
0.8162963390350342
0.8399813175201416
0.7834479808807373
0.7681407928466797
0.8191540241241455
0.8128135204315186
0.7789969444274902
0.8111927509307861
0.7757275104522705
0.812373161315918
0.7808065414428711
0.8298506736755371
0.7922995090484619
0.8602347373962402
0.7912209033966064
0.7729296684265137
0.7719407081604004
0.7903859615325928
0.8269681930541992
0.8166592121124268
0.7948617935180664
0.7917022705078125
0.7819175720214844
0.802138090133667
0.7948646545410156
0.8002433776855469
0.7733206748962402
0.8150026798248291
0.8048653602600098
0.7790517807006836
0.8119795322418213
0.7788774967193604
0.7851128578186035
0.8186533451080322
0.8733694553375244
0.8047943115234375
0.7581253051757812
0.8468961715698242
0.79052734375
0.7714762687683105
0.7710108757019043
0.8172729015350342
0.7779257297515869
0.7716042995452881
0.766977071762085
0.7797343730926514
0.7910990715026855
0.8031339645385742
0.7850279808044434
0.8023936748504639
0.7743911743164062
0.8438506126403809
0.87886643409729
0.7874195575714111
0.7723145484924316
0.8448021411895752
0.8215866088867188
0.9328579902648926
0.7889955043792725
0.7969992160797119
0.8468220233917236
0.7577970027923584
0.8057920932769775
0.7522609233856201
0.8312771320343018
0.8145744800567627
0.756295919418335
0.7781634330749512
0.7776243686676025
0.7462437152862549
0.7627196311950684
0.8162703514099121
0.7755687236785889
0.7816219329833984
0.7751641273498535
0.7498941421508789
0.7600305080413818
0.7706120014190674
0.7658638954162598
0.7803070545196533
0.83559250831604
0.8656861782073975
0.768458366394043
0.7514989376068115
0.7675843238830566
0.7606635093688965
0.763099193572998
0.8747212886810303
0.7430763244628906
0.8393988609313965
0.7563605308532715
0.7743182182312012
0.751863956451416
0.7997860908508301
0.7816059589385986
0.7794091701507568
0.7605469226837158
0.7756710052490234
0.775475025177002
0.7407064437866211
0.7631630897521973
0.7565197944641113
0.7519071102142334
0.7895879745483398
0.7392864227294922
0.7892284393310547
0.8228487968444824
0.7659931182861328
0.7491927146911621
0.7665154933929443
0.7754051685333252
0.8087558746337891
0.7563462257385254
0.8303706645965576
0.7693839073181152
0.7692945003509521
0.884854793548584
0.8444621562957764
0.79929518699646
0.743920087814331
0.7686789035797119
0.7371361255645752
0.7764103412628174
0.7379410266876221
0.80228590965271
0.7574174404144287
0.7925963401794434
0.744516134262085
0.743797779083252
0.7417700290679932
0.7735457420349121
0.7656619548797607
0.7436518669128418
0.7563681602478027
0.7624495029449463
0.7776472568511963
0.769829511642456
0.7722158432006836
0.7509188652038574
0.740126371383667
0.8360800743103027
0.7860522270202637
0.7660009860992432
0.7559185028076172
0.7696425914764404
0.7671899795532227
0.7695419788360596
0.7421169281005859
0.7808022499084473
0.7457396984100342
0.8739867210388184
0.756847620010376
0.7736213207244873
0.762521505355835
0.7396194934844971
0.7690997123718262
0.7728335857391357
0.7736308574676514
0.7800872325897217
0.7770466804504395
0.7655518054962158
0.7474379539489746
0.767359733581543
0.752995491027832
0.7765617370605469
0.8003396987915039
0.790989875793457
0.7621347904205322
0.76206374168396
0.7454133033752441
0.785919189453125
0.7550127506256104
0.7599437236785889
0.7668538093566895
0.759166955947876
0.7790298461914062
0.7561039924621582
0.7488307952880859
0.7539768218994141
0.7829618453979492
0.7937331199645996
0.8519876003265381
0.768439769744873
0.7770349979400635
0.7538988590240479
0.7654244899749756
0.7369389533996582
0.7333006858825684
0.7601404190063477
0.9447462558746338
0.7351047992706299
0.7578651905059814
0.7684717178344727
0.7579290866851807
0.7458887100219727
0.7520596981048584
0.7819015979766846
0.8562560081481934
0.7885067462921143
0.7351891994476318
0.7340087890625
0.7659397125244141
0.7739763259887695
0.7846932411193848
0.7978880405426025
0.800365686416626
0.765627384185791
0.7925915718078613
0.8489418029785156
0.7821140289306641
0.7802877426147461
0.765927791595459
0.7497200965881348
0.7981271743774414
0.7463672161102295
0.78529953956604
0.8223094940185547
0.75858473777771
0.8216109275817871
1.813481330871582
0.7614834308624268
0.7285153865814209
0.770327091217041
0.7758393287658691
0.7444431781768799
0.7931113243103027
0.8860383033752441
0.8182930946350098
0.7467243671417236
0.751044511795044
0.7704150676727295
0.74342942237854
0.7500367164611816
0.7729005813598633
0.775090217590332
0.7588362693786621
0.7391257286071777
0.7366304397583008
0.7543988227844238
0.8483736515045166
0.8001573085784912
0.7620739936828613
0.7914867401123047
0.7529506683349609
0.7443101406097412
0.7371816635131836
0.7483644485473633
0.7400374412536621
0.8216028213500977
0.773914098739624
0.8296372890472412
0.7557618618011475
0.7913424968719482
0.7772748470306396
0.7539186477661133
0.769946813583374
0.7466652393341064
0.7386465072631836
0.795684814453125
0.7564003467559814
0.7440595626831055
0.801861047744751
0.748837947845459
0.7697265148162842
0.7518265247344971
0.7709848880767822
0.7789406776428223
0.7610576152801514
0.7495279312133789
0.7532963752746582
0.7412922382354736
0.7621870040893555
0.7349526882171631
0.8140974044799805
0.821796178817749
0.7748062610626221
0.7735021114349365
0.7659475803375244
0.7636654376983643
0.7553009986877441
0.790764331817627
0.8970131874084473
0.7830855846405029
0.7783486843109131
0.7567765712738037
0.7394800186157227
0.7855367660522461
0.8127272129058838
0.820298433303833
1.0238704681396484
0.7609624862670898
0.780350923538208
0.776470422744751
0.7509169578552246
0.7610094547271729
0.76397705078125
0.8001978397369385
0.8030478954315186
0.7652072906494141
0.7990970611572266
0.7694003582000732
0.7885854244232178
0.7546284198760986
0.744971752166748
0.7856833934783936
0.8452699184417725
0.7550222873687744
0.7290835380554199
0.7583215236663818
0.7569777965545654
0.7736325263977051
0.7511818408966064
0.8001396656036377
0.7400100231170654
0.7716763019561768
0.7781262397766113
0.7506635189056396
0.7699713706970215
0.751922607421875
0.7782728672027588
0.7514889240264893
0.7699971199035645
0.7573642730712891
0.7725348472595215
0.7630290985107422
0.7720630168914795
0.7513656616210938
0.7384169101715088
0.80824875831604
0.8117351531982422
0.7718524932861328
0.8171043395996094
0.7696521282196045
0.7921245098114014
0.7472584247589111
0.7742874622344971
0.8712332248687744
0.7430315017700195
0.7491908073425293
0.7592771053314209
0.7565240859985352
0.8000142574310303
0.7607815265655518
0.7902319431304932
0.7965893745422363
0.7805101871490479
0.7935078144073486
0.7701442241668701
0.7561733722686768
0.7625699043273926
0.7603738307952881
0.7668216228485107
0.8231906890869141
0.8157863616943359
0.7467031478881836
0.7589883804321289
0.7633118629455566
0.7699639797210693
0.7502505779266357
0.7370378971099854
0.8037586212158203
0.7435421943664551
0.7571651935577393
0.7376453876495361
0.7654757499694824
0.7616989612579346
0.7598187923431396
0.8140311241149902
0.768904447555542
0.7577049732208252
0.7648394107818604
0.7416062355041504
0.7536225318908691
0.7566866874694824
0.744072675704956
0.7910470962524414
0.8070642948150635
0.7572581768035889
0.7353174686431885
0.7635464668273926
0.7877004146575928
0.7824344635009766
0.7507064342498779
0.7763264179229736
0.7604131698608398
0.7634680271148682
0.7484703063964844
0.7397513389587402
0.7781310081481934
0.7642698287963867
0.7427108287811279
0.7695763111114502
0.7341363430023193
0.7402753829956055
0.744450569152832
0.7432844638824463
0.7568633556365967
0.7377488613128662
0.7866606712341309
0.7679405212402344
0.7657768726348877
0.7377285957336426
0.7575488090515137
0.7723569869995117
0.7645924091339111
0.7524600028991699
0.7634127140045166
0.7637827396392822
0.7538371086120605
0.7589681148529053
0.7792565822601318
0.7701940536499023
0.775184154510498
0.794734001159668
0.7525708675384521
0.7469360828399658
0.7492103576660156
0.7848010063171387
0.7468369007110596
1.7590909004211426
0.7400295734405518
0.7767279148101807
0.7853271961212158
0.7832653522491455
0.769927978515625
0.7583279609680176
0.7494080066680908
0.7746536731719971
0.763249397277832
0.7666275501251221
0.8443782329559326
0.766991138458252
0.7656700611114502
0.7640547752380371
0.7650063037872314
0.7711853981018066
0.7491250038146973
0.8015997409820557
0.7466580867767334
0.7830860614776611
0.7883384227752686
0.7513427734375
0.743023157119751
0.7600798606872559
0.757317304611206
0.8361673355102539
0.7546980381011963
1.061352014541626
0.7692244052886963
0.7747197151184082
0.7679746150970459
0.7453088760375977
0.7591984272003174
0.8575434684753418
0.7903039455413818
0.8120684623718262
0.7440261840820312
0.7875807285308838
0.7563784122467041
1.0998973846435547
0.8341405391693115
0.7711536884307861
0.7368288040161133
0.7669425010681152
0.7429389953613281
0.7378764152526855
0.7680385112762451
0.7994692325592041
0.7457013130187988
0.7529845237731934
0.7716443538665771
0.7769544124603271
0.8043811321258545
0.7799265384674072
0.7586846351623535
0.7672600746154785
0.7759623527526855
0.8388879299163818
0.8212552070617676
0.792149543762207
0.8070926666259766
0.7488274574279785
0.7746052742004395
0.7997221946716309
0.7666432857513428
0.7858963012695312
0.7782926559448242
0.7495014667510986
0.7435784339904785
0.7441706657409668
0.74859619140625
0.7856423854827881
0.8696253299713135
0.7665948867797852
0.7639684677124023
0.7797787189483643
0.7464499473571777
0.7395322322845459
0.7382969856262207
0.8039228916168213
0.7570784091949463
0.7628064155578613
0.7891290187835693
0.7391364574432373
0.7588739395141602
0.7670552730560303
0.7460429668426514
0.8779551982879639
0.7812798023223877
0.7875204086303711
0.7841165065765381
0.7989349365234375
0.7817206382751465
0.7806367874145508
0.8531060218811035
0.8428990840911865
0.7637298107147217
0.7721478939056396
0.7812213897705078
0.7888996601104736
0.7668814659118652
0.7759816646575928
0.8050706386566162
0.7824971675872803
0.7859435081481934
0.7874667644500732
0.7881097793579102
0.8041768074035645
0.7771260738372803
0.7860467433929443
0.830101728439331
0.7828731536865234
0.7851395606994629
0.7772786617279053
0.7753801345825195
0.8014283180236816
0.7834928035736084
0.818476676940918
0.7991306781768799
0.7758407592773438
0.7719252109527588
0.8489060401916504
0.7974953651428223
0.822462797164917
0.7620213031768799
0.9587044715881348
0.7893886566162109
0.8004655838012695
0.8048224449157715
0.75557541847229
0.7668769359588623
0.7865345478057861
0.8214931488037109
0.8206379413604736
0.8379809856414795
0.8273050785064697
0.7606682777404785
0.8723080158233643
0.7859976291656494
0.7831776142120361
0.8056180477142334
0.7684035301208496
0.7795298099517822
0.7813727855682373
0.7893157005310059
0.7955605983734131
0.7629120349884033
0.8206312656402588
0.8270559310913086
0.8091545104980469
0.7833385467529297
0.7697381973266602
0.7885167598724365
0.7872588634490967
0.7809545993804932
0.7849273681640625
0.7904703617095947
0.7673461437225342
0.7672944068908691
0.7859106063842773
1.7877352237701416
0.7764570713043213
0.8988842964172363
0.7788293361663818
0.7903966903686523
0.7906935214996338
0.7819464206695557
0.7861068248748779
0.7892045974731445
0.8057060241699219
0.7629365921020508
0.7672915458679199
0.7626378536224365
0.7834093570709229
0.7937362194061279
0.7891638278961182
0.7882843017578125
0.7625586986541748
0.7824311256408691
0.7862071990966797
0.7767548561096191
0.7710466384887695
0.778888463973999
0.8092081546783447
0.791001558303833
0.7958395481109619
0.7848906517028809
0.7684650421142578
0.7822775840759277
0.7839198112487793
0.7895910739898682
0.7943601608276367
0.7993526458740234
0.824094295501709
0.7751643657684326
0.7683248519897461
0.7599937915802002
0.7689723968505859
0.7675774097442627
0.7781319618225098
0.8254396915435791
0.7822344303131104
0.7919821739196777
0.7931067943572998
0.7802715301513672
0.7862703800201416
0.7837917804718018
0.8159315586090088
0.8470289707183838
0.8010861873626709
0.7719745635986328
0.7830960750579834
0.76509690284729
0.7870876789093018
0.7945477962493896
0.8042089939117432
0.8002018928527832
0.7739427089691162
0.7983739376068115
0.7947361469268799
1.788818120956421
0.8097293376922607
0.8361935615539551
0.7602047920227051
0.7856063842773438
0.758326530456543
0.7817201614379883
0.7632598876953125
0.8138835430145264
0.7778022289276123
0.8040902614593506
0.7529444694519043
0.7987675666809082
0.787156343460083
1.771594524383545
0.7925636768341064
0.7856521606445312
0.7809817790985107
0.7951836585998535
0.7871038913726807
0.765906810760498
0.7857413291931152
0.7621219158172607
0.7741377353668213
0.8241968154907227
0.787621259689331
0.7743356227874756
0.7569174766540527
0.9569954872131348
0.7798705101013184
0.7817862033843994
0.7897946834564209
0.8087246417999268
0.7786946296691895
0.7806193828582764
0.8012676239013672
0.8002264499664307
0.7854876518249512
0.7776079177856445
0.8012683391571045
0.7729084491729736
0.7729218006134033
0.772144079208374
0.8387010097503662
0.8303139209747314
0.7590858936309814
0.7881443500518799
0.8226118087768555
0.7891135215759277
1.8001220226287842
0.7902092933654785
0.7786493301391602
0.7708570957183838
0.7803237438201904
0.7699308395385742
0.7878372669219971
0.7720341682434082
0.7961564064025879
1.1471714973449707
0.7811064720153809
0.8447492122650146
0.7622096538543701
0.7858359813690186
0.824549674987793
0.7670297622680664
0.7603435516357422
0.7680046558380127
0.755469799041748
0.9120569229125977
0.7777879238128662
0.7913327217102051
0.7909011840820312
0.7627489566802979
0.7898139953613281
1.0874614715576172
0.7779827117919922
1.8328514099121094
0.8001484870910645
0.8190581798553467
0.7881391048431396
0.7678191661834717
0.8531980514526367
0.7795543670654297
0.7707672119140625
0.7714312076568604
0.8439075946807861
0.9362378120422363
0.7891538143157959
0.7924091815948486
0.7860429286956787
0.7663748264312744
0.7996537685394287
0.7846634387969971
0.7767682075500488
0.7636373043060303
0.7763667106628418
0.8995697498321533
0.7710638046264648
0.7850055694580078
0.8309319019317627
0.7721588611602783
0.7944729328155518
0.772430419921875
0.806847333908081
0.8162226676940918
0.804255485534668
0.8036651611328125
0.7763314247131348
0.7722311019897461
0.8002023696899414
0.8621230125427246
0.828061580657959
0.8182635307312012
0.7876126766204834
0.7915213108062744
0.8354809284210205
0.8599939346313477
0.7953026294708252
0.8014662265777588
0.7785329818725586
0.7806849479675293
0.8001530170440674
0.7847855091094971
0.8071198463439941
0.771862268447876
0.8621945381164551
0.7960598468780518
0.7828431129455566
0.8376116752624512
0.7894439697265625
0.7871918678283691
0.7838387489318848
0.817507266998291
0.8032691478729248
0.7996635437011719
0.7961099147796631
0.8304784297943115
0.7876737117767334
0.7993555068969727
0.8367602825164795
0.7897055149078369
0.8233892917633057
0.9008047580718994
0.7581329345703125
0.8082923889160156
0.7617077827453613
0.7769429683685303
0.7725930213928223
0.7715835571289062
0.8204290866851807
0.8166177272796631
0.8147532939910889
0.7973713874816895
0.796379566192627
0.7697415351867676
0.7886528968811035
0.7966709136962891
0.8958652019500732
0.778195858001709
0.7692685127258301
0.7776534557342529
0.7699525356292725
0.8112127780914307
1.0798685550689697
0.8638949394226074
0.7696025371551514
0.806403636932373
0.7652652263641357
0.7710716724395752
0.8096730709075928
0.7876911163330078
0.7971897125244141
0.8715620040893555
0.7793242931365967
0.7921452522277832
0.8240835666656494
0.8477282524108887
0.7849724292755127
0.7980563640594482
0.8173141479492188
0.7899837493896484
0.7869443893432617
0.7905809879302979
0.7811381816864014
0.7609529495239258
0.7732462882995605
0.7769505977630615
0.7800135612487793
0.782428503036499
0.7869691848754883
0.7629177570343018
0.7803449630737305
0.7794313430786133
0.7875723838806152
0.8599286079406738
0.7870962619781494
0.8233516216278076
0.7896549701690674
0.7617747783660889
0.8070294857025146
0.7833414077758789
0.8391408920288086
0.8370492458343506
0.7629590034484863
0.772327184677124
0.7726383209228516
0.7924652099609375
0.7775368690490723
0.7853765487670898
0.7737183570861816
0.7736611366271973
0.7723116874694824
0.7626776695251465
0.7620859146118164
0.7605645656585693
0.7610676288604736
0.7939858436584473
0.7670071125030518
0.8872296810150146
0.7691247463226318
0.7967760562896729
0.7697603702545166
0.7701613903045654
0.7886359691619873
0.7665085792541504
0.8500587940216064
0.7949483394622803
0.7967941761016846
0.7629876136779785
0.7804067134857178
0.7864782810211182
0.7992813587188721
0.7864060401916504
