1.0596954822540283
0.7933752536773682
0.7753434181213379
0.7560131549835205
0.8087239265441895
0.8756763935089111
0.7634291648864746
0.7721045017242432
0.7640953063964844
0.7560698986053467
0.8657786846160889
0.7458739280700684
0.7939865589141846
0.7615034580230713
0.7511138916015625
0.7452709674835205
0.9620058536529541
0.8195955753326416
0.7434468269348145
0.7749965190887451
0.8425858020782471
0.7414236068725586
0.7671732902526855
0.755023717880249
0.7771694660186768
0.8797516822814941
0.7396886348724365
0.7773771286010742
0.8703067302703857
0.7661643028259277
0.7885627746582031
0.7544248104095459
0.7864377498626709
0.7978482246398926
0.7871232032775879
1.0003414154052734
0.7582194805145264
0.7411937713623047
0.8322012424468994
0.7617058753967285
0.8127384185791016
0.7998404502868652
0.7921700477600098
0.82061767578125
0.7461473941802979
0.7558565139770508
0.799553632736206
0.7827942371368408
0.8078203201293945
0.7802011966705322
0.8755669593811035
0.8333122730255127
0.7426707744598389
0.8018958568572998
1.0911731719970703
0.8181116580963135
0.7697768211364746
0.8826689720153809
0.7630362510681152
0.8393394947052002
0.7445564270019531
0.7753081321716309
0.9276514053344727
0.7899084091186523
0.795081615447998
0.9008712768554688
0.7593605518341064
1.8038556575775146
0.7650485038757324
0.8049185276031494
0.7629141807556152
0.7847268581390381
0.9141249656677246
0.865485429763794
0.7496178150177002
0.7545168399810791
0.8665866851806641
0.800971508026123
1.2115724086761475
0.7514772415161133
0.8352680206298828
0.7539618015289307
0.764101505279541
0.8987739086151123
0.767331600189209
0.7444117069244385
0.8346035480499268
0.7593064308166504
0.8088738918304443
0.7517471313476562
0.897108793258667
0.8001708984375
0.7479877471923828
0.879671573638916
1.7890968322753906
0.7628262042999268
0.7726554870605469
0.8398752212524414
0.7798793315887451
0.7787611484527588
0.8210434913635254
0.8110463619232178
0.7448208332061768
0.7530910968780518
0.7742259502410889
0.8499770164489746
0.7789337635040283
0.8531711101531982
0.7509768009185791
0.7994723320007324
0.9487428665161133
0.7847540378570557
1.0916993618011475
0.7928075790405273
0.9021704196929932
0.827277660369873
0.8167428970336914
0.8421399593353271
0.7561972141265869
1.7936217784881592
0.800417423248291
0.9372389316558838
0.8966665267944336
0.7582335472106934
0.9076247215270996
0.8911135196685791
0.749774694442749
0.7473340034484863
0.8739354610443115
0.7467629909515381
0.9095532894134521
0.7860512733459473
0.7566816806793213
0.8472542762756348
0.7392709255218506
0.8229210376739502
0.7583835124969482
0.7534286975860596
0.8129231929779053
0.7663207054138184
0.8696653842926025
0.7895996570587158
0.7440173625946045
1.7953557968139648
0.7703380584716797
0.7386529445648193
0.7658119201660156
0.8887310028076172
0.815333366394043
0.7721865177154541
0.7476723194122314
0.8250303268432617
0.8757987022399902
0.8955163955688477
0.8983919620513916
0.8389523029327393
0.9276223182678223
0.7670314311981201
0.7558703422546387
0.7706756591796875
0.7832367420196533
0.9060091972351074
0.7612512111663818
0.7409384250640869
0.8896455764770508
0.7862615585327148
0.7557768821716309
0.775768518447876
0.7783584594726562
0.7826066017150879
0.8412516117095947
0.8512868881225586
0.8288214206695557
0.7719802856445312
0.7699623107910156
0.7767281532287598
0.7607622146606445
0.8215904235839844
0.777271032333374
0.9262888431549072
0.8591184616088867
0.7382991313934326
0.7583632469177246
0.7780969142913818
1.6440191268920898
0.830984354019165
0.8847637176513672
0.8606173992156982
0.8463380336761475
0.8756296634674072
0.8411564826965332
0.736544132232666
0.7903449535369873
0.894615650177002
0.7623038291931152
0.8495869636535645
0.7844479084014893
0.7704818248748779
0.8521320819854736
0.7920982837677002
0.8656911849975586
0.7760028839111328
0.7985997200012207
0.762704610824585
0.7560901641845703
0.8095412254333496
0.8191123008728027
0.78597092628479
0.9214761257171631
0.7479913234710693
0.8310637474060059
0.7653043270111084
0.7452621459960938
0.80574631690979
0.7636013031005859
0.7538111209869385
0.8535430431365967
0.7358317375183105
0.760850191116333
0.7619645595550537
0.7411665916442871
0.8136436939239502
0.8030393123626709
0.8162233829498291
0.7406766414642334
0.8179812431335449
0.7561779022216797
0.7655980587005615
0.8554878234863281
0.770061731338501
0.7851319313049316
0.8351094722747803
0.7645251750946045
0.7943928241729736
0.7822260856628418
0.7697122097015381
1.0398139953613281
0.829632043838501
0.8769893646240234
0.9531714916229248
0.7820587158203125
0.7728221416473389
0.768090009689331
0.8287835121154785
0.817631721496582
0.794501781463623
0.9540789127349854
0.7678565979003906
0.7623870372772217
0.8438878059387207
0.8779778480529785
0.8617146015167236
0.9452219009399414
0.9072377681732178
0.8233108520507812
0.7784736156463623
0.7741405963897705
0.7915420532226562
0.9246420860290527
0.8314335346221924
0.8012127876281738
0.8210844993591309
0.76560378074646
0.8186829090118408
0.7664940357208252
0.896449089050293
0.7762305736541748
0.86891770362854
0.8144125938415527
0.7888481616973877
0.7782275676727295
0.7743508815765381
0.8469772338867188
0.7971494197845459
0.7866859436035156
0.8343427181243896
0.8034191131591797
0.8295361995697021
0.8610401153564453
0.7730085849761963
0.8626792430877686
0.7632303237915039
2.2371997833251953
0.8136332035064697
0.7982852458953857
0.8030111789703369
0.8578925132751465
0.8158962726593018
0.8731584548950195
0.7688384056091309
0.7931029796600342
0.7640032768249512
0.7893457412719727
0.8924031257629395
0.7796492576599121
1.0047638416290283
0.7923343181610107
0.8059980869293213
0.767857551574707
0.7966666221618652
0.855339527130127
0.8099658489227295
0.780874490737915
0.8230509757995605
0.7997689247131348
0.7873377799987793
0.767071008682251
0.8074641227722168
0.8767035007476807
0.7891087532043457
0.8332228660583496
0.7768979072570801
0.7811698913574219
0.8059771060943604
0.8267536163330078
0.85984206199646
0.8279480934143066
0.805356502532959
0.8657693862915039
0.795788049697876
0.7884788513183594
0.784987211227417
0.801292896270752
0.8642065525054932
0.782841682434082
1.0263879299163818
0.785707950592041
0.8223128318786621
0.7651565074920654
0.7996504306793213
0.8465979099273682
0.7740428447723389
0.8686792850494385
0.7855930328369141
0.8271865844726562
0.7829451560974121
0.7817306518554688
0.8763425350189209
0.8513073921203613
0.8129467964172363
0.8709468841552734
0.9344136714935303
0.7862279415130615
0.8232808113098145
0.9948821067810059
0.7679769992828369
0.8628723621368408
0.8493502140045166
0.7885947227478027
0.7946462631225586
0.7769231796264648
0.7877202033996582
1.8660695552825928
1.0428848266601562
0.7872161865234375
0.7749207019805908
0.7938287258148193
0.8308496475219727
0.8264937400817871
0.7920207977294922
0.8478975296020508
0.8099799156188965
0.795018196105957
0.792778491973877
3.0068717002868652
0.877856969833374
0.7924385070800781
0.7712998390197754
0.809772253036499
0.8607640266418457
0.8411245346069336
0.7666542530059814
0.8154351711273193
0.7903645038604736
0.7712380886077881
0.8933413028717041
0.7770271301269531
2.204573392868042
0.8937206268310547
0.7734324932098389
0.7902522087097168
0.8818607330322266
0.7852258682250977
0.8283987045288086
0.7884249687194824
0.7786257266998291
1.1481473445892334
0.8321008682250977
0.8634810447692871
0.8211774826049805
0.8540472984313965
0.7783749103546143
0.7736027240753174
0.7975301742553711
0.7881128787994385
0.8798732757568359
0.8414561748504639
0.7766621112823486
0.9208977222442627
0.7812638282775879
0.7911157608032227
0.7970197200775146
0.768406867980957
0.8880691528320312
0.7669589519500732
0.9824764728546143
0.7984633445739746
0.7970359325408936
1.1860601902008057
0.8949751853942871
0.7975008487701416
0.7684874534606934
0.8165218830108643
0.7887966632843018
0.7695958614349365
0.7712223529815674
0.7820689678192139
0.9342916011810303
0.8439080715179443
0.7911636829376221
0.8231124877929688
0.7717957496643066
0.7703227996826172
0.7893283367156982
1.2506294250488281
0.7938904762268066
0.8532156944274902
0.8525466918945312
0.8115971088409424
0.7930469512939453
0.7986841201782227
1.2357349395751953
0.7756242752075195
0.9033722877502441
0.7805843353271484
0.8243839740753174
0.7885982990264893
0.8078010082244873
0.9854376316070557
0.7901458740234375
0.8612122535705566
0.8098428249359131
0.8400070667266846
0.8214354515075684
0.765251636505127
0.8892366886138916
0.8161492347717285
1.1120262145996094
0.8800420761108398
0.7929291725158691
0.8096916675567627
0.8698468208312988
0.8900964260101318
0.7759451866149902
0.773087739944458
0.872495174407959
0.8267440795898438
0.7687351703643799
0.8013613224029541
0.8068289756774902
0.8339576721191406
0.7762243747711182
0.9921057224273682
0.8252427577972412
0.8107166290283203
0.7941734790802002
0.7886428833007812
0.8082065582275391
0.7705731391906738
0.8912882804870605
0.8138489723205566
0.7851345539093018
0.8021249771118164
0.7710599899291992
0.8658413887023926
0.8424499034881592
0.7781493663787842
0.8797996044158936
0.7815442085266113
0.8025918006896973
0.7769794464111328
0.7803051471710205
1.9703006744384766
0.8427548408508301
0.7718138694763184
0.7839369773864746
0.7858791351318359
0.770841121673584
0.8929474353790283
0.7871212959289551
0.7839221954345703
0.8263592720031738
0.7687990665435791
2.106062889099121
0.8989107608795166
0.7768604755401611
0.7834537029266357
0.7861142158508301
0.7700095176696777
0.7661745548248291
0.8606698513031006
0.8063879013061523
0.8110549449920654
0.7829556465148926
0.8073678016662598
0.7602853775024414
0.763782262802124
0.7858965396881104
0.7834916114807129
0.774397611618042
0.814802885055542
0.7931532859802246
0.8151497840881348
0.7711431980133057
0.7777867317199707
0.7904329299926758
0.8063201904296875
0.8159935474395752
0.7857611179351807
2.276149034500122
0.770500898361206
0.8019618988037109
0.8063764572143555
0.7767772674560547
0.8109610080718994
0.9142184257507324
0.7850091457366943
0.82784104347229
0.8156120777130127
0.8167879581451416
0.7971270084381104
0.7703049182891846
2.172982692718506
0.8702032566070557
0.7774844169616699
0.7945153713226318
0.9668033123016357
0.7679314613342285
0.96382737159729
0.7861793041229248
0.7917928695678711
0.7764472961425781
0.765430212020874
0.7588660717010498
0.7647709846496582
2.356698751449585
0.8319976329803467
0.7917420864105225
1.0959343910217285
0.7989091873168945
0.7792041301727295
0.7766284942626953
0.8268473148345947
0.8000929355621338
0.778188943862915
0.8061883449554443
0.7661459445953369
0.7723987102508545
0.8094956874847412
0.8119745254516602
0.7974796295166016
0.775193452835083
0.7783606052398682
0.775139570236206
0.7851147651672363
0.7857887744903564
0.837188720703125
0.8840146064758301
0.7865777015686035
0.7913589477539062
0.8329780101776123
0.8168344497680664
0.7748277187347412
1.1286871433258057
0.9437770843505859
0.7943377494812012
0.7752792835235596
0.7892639636993408
0.7693753242492676
0.7845008373260498
1.8809351921081543
0.7837278842926025
0.7612721920013428
0.7640585899353027
0.7696492671966553
0.776383638381958
0.9876627922058105
0.8081011772155762
0.768439531326294
0.7785422801971436
0.7731120586395264
0.7920095920562744
0.814965009689331
1.1610023975372314
1.5651946067810059
0.8151953220367432
0.7821624279022217
0.7914445400238037
1.1019859313964844
0.7824294567108154
0.8222825527191162
0.8175714015960693
0.836930513381958
0.7859673500061035
0.8050906658172607
0.8084888458251953
0.757887601852417
0.8121428489685059
0.9126830101013184
0.8019583225250244
0.7781507968902588
0.7872357368469238
0.7794678211212158
1.9500031471252441
0.8223476409912109
0.8025059700012207
0.8083956241607666
0.7995567321777344
0.7878191471099854
1.1693058013916016
0.7891082763671875
0.7658138275146484
0.8239977359771729
0.7802774906158447
0.8798995018005371
0.7908830642700195
0.8542110919952393
0.7838716506958008
0.7954280376434326
0.77744460105896
0.7696793079376221
0.9233601093292236
0.7886695861816406
0.8509552478790283
0.8711113929748535
0.8339550495147705
0.7649071216583252
0.7963254451751709
0.8655462265014648
0.786785364151001
0.7530896663665771
0.9231388568878174
0.9652631282806396
0.7547259330749512
0.8173093795776367
0.8145654201507568
0.9131832122802734
0.7769851684570312
0.9421172142028809
0.7639436721801758
0.7824537754058838
0.8045654296875
0.7670390605926514
0.8119878768920898
0.7925143241882324
0.8551328182220459
0.8081560134887695
0.7997086048126221
0.8061165809631348
0.7553815841674805
0.9032456874847412
0.7673001289367676
0.7581722736358643
0.8298048973083496
0.820763349533081
0.7741475105285645
0.7665467262268066
0.7652091979980469
0.906085729598999
0.795133113861084
0.8799071311950684
0.7641148567199707
0.7527525424957275
0.7622694969177246
0.778489351272583
2.2694826126098633
1.3832767009735107
0.9119722843170166
0.7539784908294678
0.7939271926879883
0.7625706195831299
0.9275369644165039
0.7676393985748291
0.7791743278503418
0.7581117153167725
0.8188042640686035
0.752211332321167
0.7412137985229492
0.8531770706176758
0.7822592258453369
0.7533557415008545
0.7593226432800293
0.8458306789398193
0.7549557685852051
0.7766687870025635
0.7700560092926025
0.8903286457061768
0.7425546646118164
0.7573223114013672
0.7332322597503662
0.7479643821716309
0.7382645606994629
0.7500498294830322
0.7725710868835449
0.8041353225708008
0.7969412803649902
0.8156743049621582
0.751056432723999
0.802138090133667
0.7410886287689209
0.757133960723877
0.760822057723999
0.8667397499084473
0.7611391544342041
0.7672929763793945
0.787799596786499
0.7977268695831299
0.743797779083252
0.7687036991119385
0.7965631484985352
0.7606940269470215
0.7426462173461914
0.7473635673522949
0.7464261054992676
0.794609546661377
0.7588934898376465
0.7518491744995117
1.0381155014038086
0.8100528717041016
0.8081164360046387
0.7521824836730957
0.7453665733337402
0.7735605239868164
0.7640950679779053
0.7601006031036377
0.8671574592590332
0.7403526306152344
0.8207628726959229
0.7718219757080078
0.7528219223022461
0.7412872314453125
0.7445652484893799
2.2112655639648438
0.8855443000793457
0.8155336380004883
0.7737114429473877
0.7639844417572021
0.786975622177124
0.9318842887878418
0.7598309516906738
0.7393064498901367
0.8458385467529297
0.7572021484375
0.7801029682159424
0.7510650157928467
0.7860398292541504
0.9217593669891357
0.7467052936553955
0.8015048503875732
0.7618982791900635
0.7724564075469971
0.7525742053985596
0.8349897861480713
2.1704697608947754
0.8605599403381348
0.9069397449493408
0.7566306591033936
0.7698771953582764
0.7762117385864258
0.7875680923461914
0.8279881477355957
0.781383752822876
0.8422806262969971
0.8159558773040771
0.7479860782623291
0.7906126976013184
0.7501895427703857
0.8909242153167725
0.759709358215332
0.8818726539611816
0.7448809146881104
0.7976934909820557
0.7428781986236572
0.8819282054901123
0.8158261775970459
0.7940652370452881
0.736046314239502
1.9542038440704346
2.3106510639190674
0.8170311450958252
0.8530285358428955
0.9062273502349854
0.8889381885528564
0.8083653450012207
0.8850665092468262
0.7547123432159424
1.5265207290649414
0.8125114440917969
0.8298358917236328
0.749516487121582
0.8056893348693848
0.7723708152770996
0.7388443946838379
0.7369065284729004
0.8054754734039307
1.0576941967010498
0.7379255294799805
0.797896146774292
1.00148344039917
0.8002095222473145
0.7750275135040283
0.8518476486206055
0.8858215808868408
0.8957729339599609
0.7322192192077637
0.8676168918609619
2.6309707164764404
0.873894214630127
0.7844657897949219
0.7929635047912598
0.7906384468078613
0.7815220355987549
0.8226799964904785
0.8261322975158691
0.7615625858306885
0.871056318283081
0.8181600570678711
0.853924036026001
0.8228631019592285
0.7544970512390137
0.8197517395019531
0.7469537258148193
0.7991359233856201
0.7850053310394287
0.7851495742797852
0.8289878368377686
0.8892543315887451
0.8504762649536133
0.8964014053344727
0.836054801940918
0.8175017833709717
0.782036542892456
2.0659711360931396
0.7921726703643799
0.7509710788726807
0.7678170204162598
0.7584941387176514
0.7450788021087646
0.943028450012207
0.9001264572143555
0.736271858215332
0.7419052124023438
0.8557343482971191
0.8813521862030029
0.7931661605834961
0.8796830177307129
0.7878644466400146
0.7380139827728271
0.7605926990509033
0.8307924270629883
0.8949384689331055
0.7705409526824951
0.7884998321533203
0.839277982711792
0.7507843971252441
0.7763428688049316
0.7632863521575928
0.7657246589660645
0.8314459323883057
0.7616651058197021
0.7679781913757324
0.8362245559692383
0.7712194919586182
0.7901561260223389
1.5863420963287354
0.8141317367553711
0.7589316368103027
0.8600292205810547
0.7437524795532227
0.7854974269866943
0.7580118179321289
0.7789938449859619
0.8792076110839844
0.8526177406311035
0.7707757949829102
0.8892323970794678
0.8790688514709473
1.8030848503112793
0.8650631904602051
0.8002161979675293
0.8722376823425293
0.8430447578430176
0.7711551189422607
0.7819559574127197
0.7550394535064697
0.748408317565918
0.825139045715332
0.7639601230621338
0.748875617980957
0.869924783706665
0.7776381969451904
0.7879984378814697
0.751063346862793
0.7381870746612549
0.828209400177002
0.751084566116333
0.8459179401397705
0.769589900970459
0.7549276351928711
0.8344035148620605
0.795238733291626
0.8339042663574219
0.7405014038085938
0.757533073425293
0.9287745952606201
0.7557661533355713
0.7524924278259277
0.7902114391326904
0.7895162105560303
0.9428839683532715
0.7630929946899414
0.8490395545959473
0.7784647941589355
0.7444074153900146
0.8230774402618408
0.7784848213195801
0.8318300247192383
0.7726218700408936
0.7392356395721436
0.8821589946746826
0.7431380748748779
0.7821199893951416
0.747469425201416
0.799044132232666
0.8215153217315674
0.7840559482574463
0.7492766380310059
0.9256718158721924
0.7462418079376221
0.8978061676025391
0.7611160278320312
0.8034119606018066
0.8412244319915771
0.785750150680542
0.8953943252563477
0.7439589500427246
1.5381755828857422
0.7969057559967041
0.7887363433837891
0.8054671287536621
0.759437084197998
0.8588824272155762
0.7431693077087402
0.7639200687408447
0.7840933799743652
0.7622482776641846
0.8614158630371094
0.7671303749084473
0.8870179653167725
0.7892115116119385
0.7578551769256592
0.871168851852417
0.7458698749542236
0.8308737277984619
0.7645783424377441
0.8282790184020996
0.8285362720489502
0.7563633918762207
0.8010656833648682
0.7762489318847656
0.7608907222747803
0.8193726539611816
0.7561652660369873
0.7802622318267822
0.811863899230957
0.8444750308990479
0.7441413402557373
0.8688206672668457
0.9018697738647461
0.8051323890686035
0.7611896991729736
0.9125442504882812
0.7670459747314453
0.7654988765716553
0.8182120323181152
0.8560318946838379
0.8452761173248291
0.7447543144226074
0.9044246673583984
0.744452953338623
0.7345743179321289
0.8760595321655273
0.8334145545959473
0.8172430992126465
0.7625250816345215
0.7964601516723633
0.8618879318237305
0.780297040939331
0.8808026313781738
0.7794554233551025
